0.000000 0.000000
1.000000 0.841471
2.000000 0.909297
3.000000 0.141120
4.000000 -0.756802
5.000000 -0.958924
6.000000 -0.279415
7.000000 0.656987
8.000000 0.989358
9.000000 0.412118
10.000000 -0.544021
11.000000 -0.999990
12.000000 -0.536573
13.000000 0.420167
14.000000 0.990607
15.000000 0.650288
16.000000 -0.287903
17.000000 -0.961397
18.000000 -0.750987
19.000000 0.149877
20.000000 0.912945
21.000000 0.836656
22.000000 -0.008851
23.000000 -0.846220
24.000000 -0.905578
25.000000 -0.132352
26.000000 0.762558
27.000000 0.956376
28.000000 0.270906
29.000000 -0.663634
30.000000 -0.988032
31.000000 -0.404038
32.000000 0.551427
33.000000 0.999912
34.000000 0.529083
35.000000 -0.428183
36.000000 -0.991779
37.000000 -0.643538
38.000000 0.296369
39.000000 0.963795
40.000000 0.745113
41.000000 -0.158623
42.000000 -0.916522
43.000000 -0.831775
44.000000 0.017702
45.000000 0.850904
46.000000 0.901788
47.000000 0.123573
48.000000 -0.768255
49.000000 -0.953753
50.000000 -0.262375
51.000000 0.670229
52.000000 0.986628
53.000000 0.395925
54.000000 -0.558789
55.000000 -0.999755
56.000000 -0.521551
57.000000 0.436165
58.000000 0.992873
59.000000 0.636738
60.000000 -0.304811
61.000000 -0.966118
62.000000 -0.739181
63.000000 0.167356
64.000000 0.920026
65.000000 0.826829
66.000000 -0.026551
67.000000 -0.855520
68.000000 -0.897928
69.000000 -0.114785
70.000000 0.773891
71.000000 0.951055
72.000000 0.253823
73.000000 -0.676772
74.000000 -0.985146
75.000000 -0.387782
76.000000 0.566108
77.000000 0.999520
78.000000 0.513978
79.000000 -0.444113
80.000000 -0.993889
81.000000 -0.629888
82.000000 0.313229
83.000000 0.968364
84.000000 0.733190
85.000000 -0.176076
86.000000 -0.923458
87.000000 -0.821818
88.000000 0.035398
89.000000 0.860069
90.000000 0.893997
91.000000 0.105988
92.000000 -0.779466
93.000000 -0.948282
94.000000 -0.245252
95.000000 0.683262
96.000000 0.983588
97.000000 0.379608
98.000000 -0.573382
99.000000 -0.999207
