0 2
0 23.58
5 23.49
10 23.40
15 23.40
20 23.49
25 23.40
30 23.40
35 23.32
40 23.32
45 23.23
50 23.23
55 23.23
60 23.32
65 23.23
70 23.23
75 23.23
80 23.32
85 23.32
90 23.32
95 23.23
100 23.23
105 23.32
110 23.23
115 23.23
120 23.23
125 23.14
130 23.05
135 23.14
140 23.05
145 23.14
150 23.14
155 23.14
160 23.05
165 23.05
170 23.05
175 23.05
180 23.05
185 23.05
190 23.05
195 23.05
200 23.05
205 23.05
210 23.05
215 23.05
220 23.05
225 23.05
230 23.14
235 23.14
240 23.05
245 23.05
250 23.05
255 23.05
260 23.14
265 23.14
270 23.14
275 23.14
280 23.05
285 23.05
290 23.14
295 23.14
300 23.14
305 23.14
310 23.14
315 23.05
320 23.05
325 23.14
330 23.14
335 23.05
340 23.05
345 23.14
350 23.14
355 23.23
360 23.23
365 23.14
370 23.05
375 23.14
380 23.05
385 23.14
390 23.14
395 23.23
400 23.23
405 23.23
410 23.23
415 23.23
420 23.14
425 23.14
430 23.14
435 23.05
440 23.05
445 23.14
450 23.14
455 23.14
460 23.23
465 23.14
470 23.23
475 23.14
480 23.14
485 23.14
490 23.14
495 23.23
500 23.23
505 23.23
510 23.32
515 23.32
520 23.40
525 23.32
530 23.23
535 23.14
540 23.14
545 23.05
550 23.05
555 23.05
560 23.14
565 23.14
570 23.23
575 23.32
580 23.23
585 23.23
590 23.23
595 23.23
600 23.14
605 23.14
610 23.14
615 23.23
620 23.23
625 23.23
630 23.23
635 23.32
640 23.23
645 23.23
650 23.32
655 23.32
660 23.40
665 23.49
670 23.58
675 23.58
680 23.58
685 23.58
690 23.67
695 23.67
700 23.67
705 23.67
710 23.67
715 23.67
720 23.67
725 23.67
730 23.58
735 23.49
740 23.58
745 23.49
750 23.49
755 23.49
760 23.40
765 23.49
770 23.58
775 23.58
780 23.67
785 23.76
790 23.76
795 23.67
800 23.49
805 23.49
810 23.40
815 23.40
820 23.49
825 23.49
830 23.49
835 23.32
840 23.40
845 23.49
850 23.49
855 23.49
860 23.32
865 23.32
870 23.32
875 23.32
880 23.23
885 23.32
890 23.32
895 23.32
900 23.32
905 23.32
910 23.40
915 23.32
920 23.32
925 23.32
930 23.32
935 23.32
940 23.32
945 23.32
950 23.32
955 23.32
960 23.32
965 23.32
970 23.32
975 23.32
980 23.32
985 23.40
990 23.40
995 23.32
1000 23.32
1005 23.32
1010 23.32
1015 23.32
1020 23.32
1025 23.23
1030 23.23
1035 23.23
1040 23.32
1045 23.32
1050 23.32
1055 23.32
1060 23.32
1065 23.32
1070 23.32
1075 23.32
1080 23.32
1085 23.40
1090 23.32
1095 23.32
1100 23.23
1105 23.32
1110 23.23
1115 23.23
1120 23.23
1125 23.23
1130 23.14
1135 23.23
1140 23.23
1145 23.23
1150 23.23
1155 23.23
1160 23.23
1165 23.23
1170 23.23
1175 23.23
1180 23.14
1185 23.14
1190 23.23
1195 23.23
1200 23.23
1205 23.32
1210 23.23
1215 23.23
1220 23.23
1225 23.32
1230 23.32
1235 23.32
1240 23.23
1245 23.23
1250 23.23
1255 23.23
1260 23.23
1265 23.23
1270 23.23
1275 23.32
1280 23.32
1285 23.32
1290 23.23
1295 23.23
1300 23.32
1305 23.40
1310 23.40
1315 23.40
1320 23.40
1325 23.32
1330 23.32
1335 23.23
1340 23.32
1345 23.32
1350 23.23
1355 23.32
1360 23.32
1365 23.32
1370 23.32
1375 23.23
1380 23.14
1385 23.14
1390 23.14
1395 23.14
1400 23.14
1405 23.14
1410 23.14
1415 23.14
1420 23.23
1425 23.23
1430 23.23
1435 23.14
1440 23.14
1445 23.23
1450 23.14
1455 23.23
1460 23.23
1465 23.23
1470 23.32
1475 23.23
1480 23.23
1485 23.14
1490 23.14
1495 23.14
1500 23.23
1505 23.23
1510 23.23
1515 23.23
1520 23.14
1525 23.14
1530 23.23
1535 23.14
1540 23.14
1545 23.14
1550 23.23
1555 23.23
1560 23.23
1565 23.23
1570 23.23
1575 23.23
1580 23.23
1585 23.23
1590 23.23
1595 23.23
1600 23.14
1605 23.23
1610 23.14
1615 23.23
1620 23.32
1625 23.32
1630 23.23
1635 23.23
1640 23.23
1645 23.32
1650 23.32
1655 23.40
1660 23.32
1665 23.32
1670 23.32
1675 23.32
1680 23.32
1685 23.32
1690 23.23
1695 23.32
1700 23.32
1705 23.32
1710 23.32
1715 23.32
1720 23.32
1725 23.32
1730 23.32
1735 23.32
1740 23.32
1745 23.23
1750 23.23
1755 23.23
1760 23.23
1765 23.23
1770 23.23
1775 23.14
1780 23.23
1785 23.14
1790 23.14
1795 23.14
1800 23.14
1805 23.14
1810 23.14
1815 23.23
1820 23.14
1825 23.14
1830 23.14
1835 23.23
1840 23.23
1845 23.23
1850 23.32
1855 23.32
1860 23.32
1865 23.32
1870 23.23
1875 23.23
1880 23.32
1885 23.23
1890 23.23
1895 23.23
1900 23.23
1905 23.23
1910 23.23
1915 23.23
1920 23.23
1925 23.23
1930 23.14
1935 23.14
1940 23.23
1945 23.23
1950 23.23
1955 23.32
1960 23.32
1965 23.32
1970 23.32
1975 23.40
1980 23.32
1985 23.32
1990 23.32
1995 23.32
2000 23.32
2005 23.32
2010 23.23
2015 23.23
2020 23.23
2025 23.32
2030 23.32
2035 23.23
2040 23.23
2045 23.23
2050 23.23
2055 23.23
2060 23.23
2065 23.23
2070 23.32
2075 23.32
2080 23.40
2085 23.40
2090 23.40
2095 23.40
2100 23.40
2105 23.40
2110 23.49
2115 23.40
2120 23.40
2125 23.32
2130 23.32
2135 23.40
2140 23.40
2145 23.49
2150 23.40
2155 23.40
2160 23.40
2165 23.40
2170 23.40
2175 23.49
2180 23.58
2185 23.58
2190 23.58
2195 23.49
2200 23.49
2205 23.58
2210 23.49
2215 23.49
2220 23.49
2225 23.49
2230 23.40
2235 23.40
2240 23.40
2245 23.40
2250 23.49
2255 23.49
2260 23.49
2265 23.49
2270 23.49
2275 23.58
2280 23.76
2285 23.76
2290 23.76
2295 23.67
2300 23.58
2305 23.58
2310 23.58
2315 23.67
2320 23.58
2325 23.58
2330 23.58
2335 23.76
2340 23.67
2345 23.40
2350 23.40
2355 23.40
2360 23.40
2365 23.40
2370 23.49
2375 23.49
2380 23.58
2385 23.58
2390 23.58
2395 23.58
2400 23.58
2405 23.58
2410 23.58
2415 23.58
2420 23.58
2425 23.49
2430 23.40
2435 23.32
2440 23.40
2445 23.40
2450 23.40
2455 23.49
2460 23.40
2465 23.32
2470 23.32
2475 23.23
2480 23.23
2485 23.23
2490 23.23
2495 23.32
2500 23.32
2505 23.32
2510 23.23
2515 23.23
2520 23.23
2525 23.32
2530 23.32
2535 23.40
2540 23.32
2545 23.32
2550 23.32
2555 23.32
2560 23.32
2565 23.32
2570 23.32
2575 23.23
2580 23.23
2585 23.23
2590 23.14
2595 23.14
2600 23.14
2605 23.23
2610 23.23
2615 23.23
2620 23.23
2625 23.23
2630 23.23
2635 23.23
2640 23.32
2645 23.32
2650 23.23
2655 23.23
2660 23.32
2665 23.49
2670 23.40
2675 23.40
2680 23.32
2685 23.32
2690 23.23
2695 23.32
2700 23.40
2705 23.40
2710 23.40
2715 23.40
2720 23.40
2725 23.49
2730 23.49
2735 23.49
2740 23.49
2745 23.40
2750 23.40
2755 23.40
2760 23.40
2765 23.40
2770 23.40
2775 23.32
2780 23.32
2785 23.32
2790 23.32
2795 23.32
2800 23.32
2805 23.32
2810 23.32
2815 23.23
2820 23.23
2825 23.32
2830 23.32
2835 23.40
2840 23.49
2845 23.40
2850 23.40
2855 23.49
2860 23.40
2865 23.49
2870 23.49
2875 23.49
2880 23.40
2885 23.40
2890 23.40
2895 23.49
2900 23.40
2905 23.40
2910 23.40
2915 23.32
2920 23.40
2925 23.40
2930 23.40
2935 23.32
2940 23.32
2945 23.32
2950 23.23
2955 23.32
2960 23.32
2965 23.40
2970 23.40
2975 23.49
2980 23.49
2985 23.40
2990 23.49
2995 23.40
3000 23.40
3005 23.40
3010 23.40
3015 23.40
3020 23.40
3025 23.40
3030 23.40
3035 23.40
3040 23.32
3045 23.32
3050 23.32
3055 23.40
3060 23.40
3065 23.40
3070 23.23
3075 23.32
3080 23.49
3085 23.76
3090 23.76
3095 23.67
3100 23.58
3105 23.49
3110 23.40
3115 23.49
3120 23.49
3125 23.32
3130 23.40
3135 23.49
3140 23.49
3145 23.49
3150 23.49
3155 23.49
3160 23.40
3165 23.32
3170 23.32
3175 23.32
3180 23.40
3185 23.32
3190 23.23
3195 23.40
3200 23.49
3205 23.67
3210 23.67
3215 23.58
3220 23.49
3225 23.49
3230 23.49
3235 23.49
3240 23.58
3245 23.58
3250 23.58
3255 23.49
3260 23.49
3265 23.49
3270 23.49
3275 23.49
3280 23.49
3285 23.40
3290 23.40
3295 23.40
3300 23.40
3305 23.40
3310 23.40
3315 23.32
3320 23.32
3325 23.32
3330 23.32
3335 23.40
3340 23.32
3345 23.32
3350 23.32
3355 23.32
3360 23.40
3365 23.32
3370 23.32
3375 23.32
3380 23.32
3385 23.23
3390 23.32
3395 23.23
3400 23.32
3405 23.32
3410 23.32
3415 23.32
3420 23.32
3425 23.32
3430 23.23
3435 23.23
3440 23.32
3445 23.40
3450 23.40
3455 23.32
3460 23.23
3465 23.23
3470 23.23
3475 23.32
3480 23.40
3485 23.32
3490 23.32
3495 23.32
3500 23.23
3505 23.32
3510 23.32
3515 23.40
3520 23.32
3525 23.32
3530 23.32
3535 23.23
3540 23.23
3545 23.23
3550 23.23
3555 23.14
3560 23.40
3565 23.58
3570 23.49
3575 23.40
3580 23.49
3585 23.40
3590 23.49
3595 23.49
3600 23.49
3605 23.40
3610 23.40
3615 23.40
3620 23.40
3625 23.49
3630 23.40
3635 23.40
3640 23.40
3645 23.40
3650 23.32
3655 23.32
3660 23.23
3665 23.23
3670 23.32
3675 23.32
3680 23.32
3685 23.49
3690 23.40
3695 23.32
3700 23.32
3705 23.40
3710 23.32
3715 23.40
3720 23.49
3725 23.49
3730 23.49
3735 23.49
3740 23.49
3745 23.49
3750 23.58
3755 23.58
3760 23.49
3765 23.32
3770 23.23
3775 23.14
3780 23.14
3785 23.23
3790 23.23
3795 23.32
3800 23.32
3805 23.32
3810 23.32
3815 23.40
3820 23.40
3825 23.40
3830 23.40
3835 23.40
3840 23.49
3845 23.40
3850 23.40
3855 23.40
3860 23.40
3865 23.40
3870 23.32
3875 23.32
3880 23.32
3885 23.32
3890 23.14
3895 23.23
3900 23.23
3905 23.32
3910 23.23
3915 23.14
3920 23.23
3925 23.14
3930 23.23
3935 23.32
3940 23.40
3945 23.40
3950 23.40
3955 23.40
3960 23.32
3965 23.40
3970 23.40
3975 23.40
3980 23.40
3985 23.40
3990 23.32
3995 23.32
4000 23.49
4005 23.58
4010 23.58
4015 23.49
4020 23.40
4025 23.58
4030 23.67
4035 23.67
4040 23.67
4045 23.58
4050 23.49
4055 23.49
4060 23.49
4065 23.49
4070 23.58
4075 23.67
4080 23.67
4085 23.76
4090 23.85
4095 23.85
4100 23.85
4105 23.85
4110 23.76
4115 23.67
4120 23.67
4125 23.67
4130 23.67
4135 23.76
4140 23.67
4145 23.67
4150 23.67
4155 23.67
4160 23.76
4165 23.67
4170 23.49
4175 23.40
4180 23.49
4185 23.40
4190 23.40
4195 23.40
4200 23.40
4205 23.40
4210 23.40
4215 23.40
4220 23.32
4225 23.32
4230 23.40
4235 23.32
4240 23.40
4245 23.49
4250 23.49
4255 23.40
4260 23.32
4265 23.40
4270 23.40
4275 23.40
4280 23.49
4285 23.49
4290 23.49
4295 23.49
4300 23.40
4305 23.32
4310 23.40
4315 23.40
4320 23.49
4325 23.49
4330 23.49
4335 23.40
4340 23.32
4345 23.32
4350 23.23
4355 23.32
4360 23.32
4365 23.32
4370 23.32
4375 23.40
4380 23.40
4385 23.40
4390 23.40
4395 23.40
4400 23.32
4405 23.32
4410 23.32
4415 23.32
4420 23.40
4425 23.32
4430 23.32
4435 23.32
4440 23.32
4445 23.32
4450 23.40
4455 23.40
4460 23.40
4465 23.40
4470 23.40
4475 23.32
4480 23.14
4485 23.14
4490 23.14
4495 23.14
4500 23.14
4505 23.14
4510 23.23
4515 23.32
4520 23.32
4525 23.40
4530 23.40
4535 23.40
4540 23.40
4545 23.32
4550 23.40
4555 23.49
4560 23.49
4565 23.40
4570 23.40
4575 23.40
4580 23.40
4585 23.40
4590 23.40
4595 23.32
4600 23.23
4605 23.23
4610 23.14
4615 23.23
4620 23.23
4625 23.14
4630 23.23
4635 23.23
4640 23.23
4645 23.23
4650 23.32
4655 23.32
4660 23.32
4665 23.32
4670 23.40
4675 23.49
4680 23.49
4685 23.49
4690 23.58
4695 23.58
4700 23.58
4705 23.67
4710 23.67
4715 23.67
4720 23.67
4725 23.58
4730 23.49
4735 23.49
4740 23.58
4745 23.49
4750 23.49
4755 23.49
4760 23.49
4765 23.49
4770 23.49
4775 23.49
4780 23.49
4785 23.40
4790 23.40
4795 23.40
4800 23.40
4805 23.40
4810 23.40
4815 23.40
4820 23.49
4825 23.49
4830 23.40
4835 23.40
4840 23.40
4845 23.40
4850 23.32
4855 23.32
4860 23.32
4865 23.32
4870 23.40
4875 23.32
4880 23.32
4885 23.40
4890 23.40
4895 23.49
4900 23.40
4905 23.40
4910 23.40
4915 23.49
4920 23.58
4925 23.58
4930 23.58
4935 23.58
4940 23.58
4945 23.58
4950 23.58
4955 23.49
4960 23.49
4965 23.49
4970 23.49
4975 23.49
4980 23.49
4985 23.40
4990 23.40
4995 23.40
5000 23.32
5005 23.32
5010 23.40
5015 23.40
5020 23.40
5025 23.40
5030 23.40
5035 23.49
5040 23.49
5045 23.40
5050 23.40
5055 23.40
5060 23.49
5065 23.49
5070 23.49
5075 23.49
5080 23.49
5085 23.40
5090 23.40
5095 23.49
5100 23.49
5105 23.40
5110 23.49
5115 23.49
5120 23.49
5125 23.49
5130 23.40
5135 23.40
5140 23.49
5145 23.49
5150 23.49
5155 23.49
5160 23.49
5165 23.49
5170 23.49
5175 23.40
5180 23.40
5185 23.32
5190 23.40
5195 23.40
5200 23.49
5205 23.49
5210 23.49
5215 23.58
5220 23.49
5225 23.49
5230 23.40
5235 23.40
5240 23.40
5245 23.40
5250 23.49
5255 23.40
5260 23.40
5265 23.40
5270 23.40
5275 23.40
5280 23.40
5285 23.40
5290 23.40
5295 23.49
5300 23.58
5305 23.58
5310 23.67
5315 23.67
5320 23.58
5325 23.58
5330 23.67
5335 23.58
5340 23.40
5345 23.32
5350 23.40
5355 23.40
5360 23.40
5365 23.32
5370 23.32
5375 23.23
5380 23.32
5385 23.32
5390 23.40
5395 23.40
5400 23.32
5405 23.32
5410 23.23
5415 23.23
5420 23.32
5425 23.32
5430 23.40
5435 23.40
5440 23.40
5445 23.40
5450 23.32
5455 23.40
5460 23.40
5465 23.49
5470 23.49
5475 23.49
5480 23.49
5485 23.49
5490 23.49
5495 23.49
5500 23.49
5505 23.49
5510 23.58
5515 23.58
5520 23.58
5525 23.58
5530 23.49
5535 23.49
5540 23.49
5545 23.58
5550 23.49
5555 23.58
5560 23.58
5565 23.58
5570 23.67
5575 23.58
5580 23.58
5585 23.49
5590 23.49
5595 23.49
5600 23.49
5605 23.49
5610 23.40
5615 23.49
5620 23.49
5625 23.40
5630 23.32
5635 23.32
5640 23.32
5645 23.40
5650 23.40
5655 23.49
5660 23.40
5665 23.40
5670 23.32
5675 23.32
5680 23.40
5685 23.49
5690 23.49
5695 23.49
5700 23.49
5705 23.58
5710 23.58
5715 23.67
5720 23.67
5725 23.76
5730 23.76
5735 23.76
5740 23.76
5745 23.76
5750 23.67
5755 23.67
5760 23.67
5765 23.58
5770 23.58
5775 23.58
5780 23.58
5785 23.58
5790 23.49
5795 23.49
5800 23.40
5805 23.49
5810 23.49
5815 23.49
5820 23.58
5825 23.58
5830 23.58
5835 23.58
5840 23.58
5845 23.49
5850 23.49
5855 23.49
5860 23.40
5865 23.40
5870 23.49
5875 23.49
5880 23.49
5885 23.58
5890 23.49
5895 23.58
5900 23.49
5905 23.40
5910 23.49
5915 23.49
5920 23.49
5925 23.49
5930 23.49
5935 23.40
5940 23.40
5945 23.40
5950 23.40
5955 23.40
5960 23.49
5965 23.49
5970 23.49
5975 23.49
5980 23.49
5985 23.49
5990 23.49
5995 23.58
6000 23.58
6005 23.58
6010 23.58
6015 23.49
6020 23.49
6025 23.49
6030 23.49
6035 23.49
6040 23.49
6045 23.40
6050 23.40
6055 23.40
6060 23.32
6065 23.40
6070 23.40
6075 23.49
6080 23.49
6085 23.49
6090 23.58
6095 23.58
6100 23.49
6105 23.58
6110 23.58
6115 23.58
6120 23.58
6125 23.58
6130 23.67
6135 23.67
6140 23.67
6145 23.58
6150 23.49
6155 23.49
6160 23.40
6165 23.40
6170 23.49
6175 23.49
6180 23.49
6185 23.49
6190 23.49
6195 23.49
6200 23.58
6205 23.58
6210 23.58
6215 23.58
6220 23.58
6225 23.58
6230 23.49
6235 23.49
6240 23.49
6245 23.40
6250 23.40
6255 23.40
6260 23.40
6265 23.49
6270 23.40
6275 23.40
6280 23.49
6285 23.49
6290 23.40
6295 23.40
6300 23.32
6305 23.40
6310 23.40
6315 23.49
6320 23.40
6325 23.40
6330 23.40
6335 23.40
6340 23.40
6345 23.40
6350 23.40
6355 23.49
6360 23.40
6365 23.40
6370 23.23
6375 23.32
6380 23.49
6385 23.67
6390 23.76
6395 23.32
6400 23.40
6405 23.67
6410 23.58
6415 23.58
6420 23.58
6425 23.49
6430 23.58
6435 23.67
6440 23.76
6445 23.85
6450 23.85
6455 23.93
6460 24.02
6465 24.02
6470 23.93
6475 23.85
6480 23.76
6485 23.67
6490 23.58
6495 23.58
6500 23.58
6505 23.58
6510 23.58
6515 23.58
6520 23.67
6525 23.67
6530 23.67
6535 23.58
6540 23.49
6545 23.67
6550 23.85
6555 23.93
6560 23.93
6565 23.85
6570 23.93
6575 24.02
6580 24.02
6585 24.02
6590 24.02
6595 24.11
6600 24.02
6605 23.93
6610 23.93
6615 24.02
6620 24.02
6625 24.02
6630 23.93
6635 23.93
6640 23.93
6645 23.93
6650 23.93
6655 23.93
6660 23.93
6665 23.93
6670 23.93
6675 24.02
6680 24.02
6685 24.02
6690 24.11
6695 24.20
6700 24.11
6705 24.02
6710 24.11
6715 24.11
6720 24.11
6725 24.11
6730 24.11
6735 24.11
6740 24.11
6745 24.02
6750 24.02
6755 24.11
6760 24.02
6765 24.02
6770 24.02
6775 24.11
6780 24.02
6785 24.02
6790 24.11
6795 24.02
6800 24.02
6805 23.93
6810 24.02
6815 24.02
6820 24.02
6825 24.02
6830 24.02
6835 24.11
6840 24.11
6845 24.20
6850 24.11
6855 24.11
6860 24.20
6865 24.29
6870 24.20
6875 24.20
6880 24.20
6885 24.20
6890 24.20
6895 24.20
6900 24.20
6905 24.20
6910 24.20
6915 24.11
6920 24.11
6925 24.11
6930 24.02
6935 24.11
6940 24.11
6945 24.02
6950 24.11
6955 24.11
6960 24.11
6965 24.11
6970 24.20
6975 24.29
6980 24.29
6985 24.29
6990 24.29
6995 24.20
7000 24.20
7005 24.29
7010 24.29
7015 24.20
7020 24.20
7025 24.29
7030 24.20
7035 24.20
7040 24.20
7045 24.20
7050 24.20
7055 24.29
7060 24.20
7065 24.11
7070 24.20
7075 24.20
7080 24.20
7085 24.20
7090 24.29
7095 24.29
7100 24.29
7105 24.29
7110 24.20
7115 24.20
7120 24.29
7125 24.29
7130 24.29
7135 24.29
7140 24.29
7145 24.29
7150 24.29
7155 24.29
7160 24.29
7165 24.38
7170 24.38
7175 24.29
7180 24.29
7185 24.29
7190 24.20
7195 23.93
7200 23.32
7205 23.32
7210 22.87
7215 22.96
7220 23.05
7225 22.87
7230 22.87
7235 22.87
7240 22.61
7245 22.52
7250 22.61
7255 22.52
7260 22.26
7265 22.43
7270 22.43
7275 22.26
7280 22.43
7285 22.61
7290 22.35
7295 22.17
7300 22.61
7305 22.70
7310 22.61
7315 22.61
7320 22.70
7325 22.79
7330 22.61
7335 22.61
7340 22.52
7345 22.35
7350 22.17
7355 22.35
7360 22.26
7365 22.17
7370 22.08
7375 21.91
7380 21.73
7385 21.91
7390 21.64
7395 21.38
7400 21.47
7405 21.73
7410 21.73
7415 21.91
7420 21.82
7425 21.73
7430 21.99
7435 22.17
7440 21.82
7445 21.56
7450 21.82
7455 21.99
7460 22.08
7465 21.99
7470 22.08
7475 22.26
7480 22.17
7485 22.35
7490 22.52
7495 22.61
7500 22.70
7505 22.43
7510 22.26
7515 22.26
7520 22.26
7525 22.26
7530 22.26
7535 22.35
7540 22.26
7545 21.99
7550 21.91
7555 21.99
7560 21.82
7565 21.82
7570 21.91
7575 22.17
7580 22.61
7585 22.26
7590 22.35
7595 22.52
7600 22.61
7605 22.61
7610 22.26
7615 22.43
7620 22.43
7625 22.52
7630 22.43
7635 22.61
7640 22.61
7645 22.61
7650 22.79
7655 22.96
7660 23.05
7665 22.43
7670 22.43
7675 22.61
7680 22.52
7685 22.61
7690 22.79
7695 22.87
7700 22.96
7705 22.87
7710 22.87
7715 22.87
7720 22.87
7725 22.87
7730 22.96
7735 22.96
7740 22.87
7745 22.70
7750 22.52
7755 22.52
7760 22.79
7765 22.52
7770 22.70
7775 22.79
7780 22.70
7785 22.52
7790 22.96
7795 22.96
7800 22.61
7805 22.52
7810 22.70
7815 22.79
7820 22.70
7825 22.70
7830 22.79
7835 22.87
7840 23.05
7845 23.14
7850 23.32
7855 23.32
7860 23.40
7865 23.32
7870 23.23
7875 23.40
7880 23.32
7885 23.32
7890 23.40
7895 23.40
7900 23.40
7905 23.32
7910 23.23
7915 23.23
7920 23.32
7925 23.32
7930 23.14
7935 23.05
7940 23.05
7945 22.96
7950 22.87
7955 22.96
7960 22.96
7965 22.96
7970 22.96
7975 23.05
7980 22.61
7985 22.70
7990 22.70
7995 22.52
8000 22.43
8005 22.43
8010 22.17
8015 21.99
8020 21.99
8025 22.17
8030 22.26
8035 22.52
8040 22.70
8045 22.87
8050 22.87
8055 22.87
8060 22.96
8065 22.87
8070 22.61
8075 22.52
8080 22.61
8085 22.70
8090 22.79
8095 22.87
8100 22.26
8105 22.08
8110 22.17
8115 22.17
8120 22.35
8125 22.52
8130 22.61
8135 22.61
8140 22.70
8145 22.08
8150 22.17
8155 22.35
8160 22.43
8165 22.08
8170 22.26
8175 22.52
8180 22.26
8185 22.43
8190 22.61
8195 22.61
8200 22.52
8205 22.52
8210 22.52
8215 22.70
8220 22.61
8225 22.17
8230 21.99
8235 22.08
8240 22.26
8245 22.35
8250 22.43
8255 22.17
8260 22.08
8265 22.17
8270 22.26
8275 22.26
8280 22.17
8285 22.17
8290 22.35
8295 22.35
8300 22.43
8305 21.82
8310 21.91
8315 21.64
8320 21.91
8325 22.08
8330 22.26
8335 22.08
8340 22.43
8345 22.26
8350 22.26
8355 22.35
8360 22.43
8365 22.08
8370 22.08
8375 22.17
8380 22.35
8385 22.52
8390 22.61
8395 22.35
8400 22.43
8405 22.61
8410 22.61
8415 22.26
8420 22.26
8425 22.17
8430 22.35
8435 22.52
8440 22.43
8445 22.17
8450 22.17
8455 21.82
8460 22.08
8465 21.99
8470 22.08
8475 22.26
8480 21.99
8485 21.99
8490 21.73
8495 21.82
8500 21.82
8505 22.08
8510 22.26
8515 22.17
8520 21.73
8525 21.91
8530 22.08
8535 22.26
8540 22.26
8545 21.99
8550 22.17
8555 22.17
8560 22.35
8565 22.43
8570 22.52
8575 22.61
8580 22.52
8585 22.52
8590 22.52
8595 22.43
8600 22.43
8605 22.43
8610 22.61
8615 22.70
8620 22.43
8625 22.35
8630 22.43
8635 22.43
8640 22.43
8645 22.61
8650 22.52
8655 22.43
8660 22.26
8665 22.08
8670 22.08
8675 22.26
8680 22.35
8685 22.08
8690 21.99
8695 22.17
8700 22.43
8705 22.61
8710 22.70
8715 22.79
8720 22.96
8725 22.96
8730 23.05
8735 23.05
8740 23.14
8745 23.14
8750 23.14
8755 23.14
8760 23.23
8765 23.23
8770 23.40
8775 23.40
8780 23.40
8785 23.40
8790 23.40
8795 23.32
8800 23.40
8805 23.40
8810 23.40
8815 23.40
8820 23.40
8825 23.40
8830 23.40
8835 23.40
8840 23.32
8845 23.40
8850 23.40
8855 23.49
8860 23.40
8865 23.40
8870 23.49
8875 23.49
8880 23.49
8885 23.49
8890 23.49
8895 23.49
8900 23.49
8905 23.49
8910 23.40
8915 23.49
8920 23.49
8925 23.49
8930 23.49
8935 23.58
8940 23.49
8945 23.49
8950 23.49
8955 23.49
8960 23.40
8965 23.49
8970 23.49
8975 23.58
8980 23.58
8985 23.49
8990 23.49
8995 23.58
9000 23.67
9005 23.67
9010 23.67
9015 23.67
9020 23.76
9025 23.76
9030 23.67
9035 23.58
9040 23.58
9045 23.49
9050 23.67
9055 23.67
9060 23.67
9065 23.67
9070 23.67
9075 23.58
9080 23.58
9085 23.58
9090 23.58
9095 23.58
9100 23.58
9105 23.67
9110 23.67
9115 23.67
9120 23.67
9125 23.67
9130 23.58
9135 23.67
9140 23.67
9145 23.76
9150 23.67
9155 23.76
9160 23.67
9165 23.67
9170 23.67
9175 23.67
9180 23.67
9185 23.58
9190 23.67
9195 23.67
9200 23.58
9205 23.58
9210 23.67
9215 23.76
9220 23.76
9225 23.76
9230 23.76
9235 23.85
9240 23.85
9245 23.85
9250 23.85
9255 23.93
9260 23.85
9265 23.76
9270 23.85
9275 23.76
9280 23.67
9285 23.67
9290 23.67
9295 23.58
9300 23.58
9305 23.49
9310 23.49
9315 23.40
9320 23.49
9325 23.58
9330 23.49
9335 23.49
9340 23.49
9345 23.49
9350 23.58
9355 23.67
9360 23.67
9365 23.67
9370 23.67
9375 23.58
9380 23.76
9385 23.67
9390 23.58
9395 23.58
9400 23.76
9405 23.67
9410 23.49
9415 23.67
9420 23.67
9425 23.58
9430 23.58
9435 23.49
9440 23.49
9445 23.58
9450 23.58
9455 23.67
9460 23.67
9465 23.58
9470 23.58
9475 23.58
9480 23.49
9485 23.49
9490 23.58
9495 23.67
9500 23.67
9505 23.67
9510 23.67
9515 23.58
9520 23.58
9525 23.58
9530 23.49
9535 23.49
9540 23.49
9545 23.58
9550 23.58
9555 23.58
9560 23.58
9565 23.58
9570 23.58
9575 23.58
9580 23.58
9585 23.58
9590 23.58
9595 23.58
9600 23.49
9605 23.58
9610 23.58
9615 23.58
9620 23.58
9625 23.58
9630 23.58
9635 23.67
9640 23.58
9645 23.58
9650 23.67
9655 23.58
9660 23.58
9665 23.67
9670 23.76
9675 23.76
9680 23.76
9685 23.67
9690 23.58
9695 23.58
9700 23.58
9705 23.49
9710 23.40
9715 23.40
9720 23.49
9725 23.49
9730 23.49
9735 23.49
9740 23.40
9745 23.40
9750 23.49
9755 23.40
9760 23.40
9765 23.49
9770 23.49
9775 23.49
9780 23.49
9785 23.49
9790 23.49
9795 23.58
9800 23.58
9805 23.58
9810 23.58
9815 23.67
9820 23.67
9825 23.67
9830 23.58
9835 23.49
9840 23.49
9845 23.49
9850 23.58
9855 23.67
9860 23.67
9865 23.67
9870 23.76
9875 23.76
9880 23.76
9885 23.76
9890 23.76
9895 23.76
9900 23.76
9905 23.67
9910 23.67
9915 23.67
9920 23.67
9925 23.67
9930 23.67
9935 23.67
9940 23.67
9945 23.67
9950 23.76
9955 23.76
9960 23.85
9965 23.85
9970 23.76
9975 23.67
9980 23.67
9985 23.67
9990 23.67
9995 23.67
10000 23.67
10005 23.67
10010 23.67
10015 23.67
10020 23.58
10025 23.58
10030 23.58
10035 23.58
10040 23.58
10045 23.58
10050 23.67
10055 23.76
10060 23.76
10065 23.76
10070 23.76
10075 23.76
10080 23.76
10085 23.85
10090 23.85
10095 23.85
10100 23.76
10105 23.67
10110 23.76
10115 23.76
10120 23.76
10125 23.76
10130 23.67
10135 23.76
10140 23.67
10145 23.67
10150 23.76
10155 23.76
10160 23.85
10165 23.85
10170 23.76
10175 23.85
10180 23.76
10185 23.76
10190 23.85
10195 23.76
10200 23.67
10205 23.67
10210 23.67
10215 23.76
10220 23.76
10225 23.76
10230 23.76
10235 23.85
10240 23.85
10245 23.85
10250 23.85
10255 23.76
10260 23.67
10265 23.67
10270 23.67
10275 23.76
10280 23.76
10285 23.76
10290 23.76
10295 23.67
10300 23.67
10305 23.67
10310 23.67
10315 23.67
10320 23.67
10325 23.76
10330 23.76
10335 23.85
10340 23.76
10345 23.76
10350 23.76
10355 23.76
10360 23.67
10365 23.67
10370 23.67
10375 23.67
10380 23.76
10385 23.67
10390 23.67
10395 23.67
10400 23.85
10405 23.85
10410 23.76
10415 23.67
10420 23.58
10425 23.58
10430 23.58
10435 23.58
10440 23.58
10445 23.58
10450 23.58
10455 23.58
10460 23.67
10465 23.67
10470 23.76
10475 23.76
10480 23.67
10485 23.58
10490 23.67
10495 23.58
10500 23.58
10505 23.58
10510 23.49
10515 23.58
10520 23.67
10525 23.76
10530 23.67
10535 23.67
10540 23.67
10545 23.67
10550 23.67
10555 23.67
10560 23.67
10565 23.58
10570 23.58
10575 23.58
10580 23.67
10585 23.58
10590 23.58
10595 23.58
10600 23.58
10605 23.49
10610 23.49
10615 23.49
10620 23.58
10625 23.58
10630 23.58
10635 23.58
10640 23.67
10645 23.67
10650 23.58
10655 23.58
10660 23.67
10665 23.67
10670 23.67
10675 23.67
10680 23.67
10685 23.67
10690 23.76
10695 23.76
10700 23.76
10705 23.67
10710 23.58
10715 23.58
10720 23.58
10725 23.58
10730 23.58
10735 23.67
10740 23.67
10745 23.67
10750 23.76
10755 23.76
10760 23.85
10765 23.76
10770 23.85
10775 23.76
10780 23.67
10785 23.67
10790 23.67
10795 23.67
10800 23.58
10805 23.58
10810 23.67
10815 23.58
10820 23.58
10825 23.58
10830 23.67
10835 23.67
10840 23.67
10845 23.76
10850 23.67
10855 23.58
10860 23.58
10865 23.67
10870 23.76
10875 23.67
10880 23.58
10885 23.49
10890 23.49
10895 23.58
10900 23.58
10905 23.67
10910 23.76
10915 23.76
10920 23.85
10925 23.76
10930 23.67
10935 23.58
10940 23.40
10945 23.40
10950 23.49
10955 23.49
10960 23.49
10965 23.58
10970 23.49
10975 23.49
10980 23.49
10985 23.58
10990 23.58
10995 23.67
11000 23.76
11005 23.76
11010 23.76
11015 23.76
11020 23.58
11025 23.49
11030 23.49
11035 23.49
11040 23.49
11045 23.58
11050 23.49
11055 23.58
11060 23.67
11065 23.76
11070 23.67
11075 23.67
11080 23.58
11085 23.58
11090 23.58
11095 23.58
11100 23.49
11105 23.58
11110 23.58
11115 23.49
11120 23.49
11125 23.49
11130 23.49
11135 23.58
11140 23.67
11145 23.67
11150 23.58
11155 23.67
11160 23.67
11165 23.67
11170 23.67
11175 23.67
11180 23.67
11185 23.67
11190 23.67
11195 23.58
11200 23.67
11205 23.67
11210 23.67
11215 23.67
11220 23.67
11225 23.76
11230 23.76
11235 23.85
11240 23.85
11245 23.85
11250 23.67
11255 23.76
11260 23.76
11265 23.85
11270 23.85
11275 23.76
11280 23.76
11285 23.76
11290 23.76
11295 23.76
11300 23.85
11305 23.76
11310 23.67
11315 23.67
11320 23.67
11325 23.67
11330 23.76
11335 23.76
11340 23.67
11345 23.67
11350 23.67
11355 23.67
11360 23.67
11365 23.58
11370 23.49
11375 23.49
11380 23.49
11385 23.49
11390 23.58
11395 23.58
11400 23.58
11405 23.67
11410 23.76
11415 23.76
11420 23.76
11425 23.76
11430 23.76
11435 23.67
11440 23.67
11445 23.67
11450 23.67
11455 23.67
11460 23.67
11465 23.67
11470 23.67
11475 23.67
11480 23.58
11485 23.58
11490 23.58
11495 23.67
11500 23.67
11505 23.76
11510 23.76
11515 23.76
11520 23.85
11525 23.85
11530 23.76
11535 23.67
11540 23.67
11545 23.67
11550 23.76
11555 23.76
11560 23.67
11565 23.67
11570 23.67
11575 23.67
11580 23.58
11585 23.58
11590 23.58
11595 23.67
11600 23.76
11605 23.76
11610 23.76
11615 23.76
11620 23.76
11625 23.76
11630 23.67
11635 23.76
11640 23.67
11645 23.67
11650 23.67
11655 23.58
11660 23.67
11665 23.58
11670 23.49
11675 23.49
11680 23.49
11685 23.58
11690 23.58
11695 23.67
11700 23.67
11705 23.67
11710 23.67
11715 23.67
11720 23.67
11725 23.67
11730 23.67
11735 23.76
11740 23.76
11745 23.76
11750 23.76
11755 23.67
11760 23.67
11765 23.67
11770 23.76
11775 23.76
11780 23.76
11785 23.85
11790 23.85
11795 23.76
11800 23.67
11805 23.67
11810 23.58
11815 23.58
11820 23.58
11825 23.67
11830 23.76
11835 23.76
11840 23.67
11845 23.67
11850 23.67
11855 23.67
11860 23.76
11865 23.76
11870 23.67
11875 23.76
11880 23.67
11885 23.67
11890 23.58
11895 23.58
11900 23.58
11905 23.67
11910 23.67
11915 23.67
11920 23.67
11925 23.67
11930 23.67
11935 23.67
11940 23.67
11945 23.67
11950 23.67
11955 23.67
11960 23.67
11965 23.85
11970 23.76
11975 23.76
11980 23.76
11985 23.76
11990 23.85
11995 23.76
12000 23.76
12005 23.76
12010 23.76
12015 23.67
12020 23.58
12025 23.58
12030 23.58
12035 23.58
12040 23.67
12045 23.67
12050 23.76
12055 23.76
12060 23.76
12065 23.76
12070 23.76
12075 23.67
12080 23.67
12085 23.58
12090 23.49
12095 23.49
12100 23.58
12105 23.58
12110 23.58
12115 23.67
12120 23.67
12125 23.76
12130 23.85
12135 23.85
12140 23.76
12145 23.76
12150 23.76
12155 23.67
12160 23.76
12165 23.67
12170 23.58
12175 23.49
12180 23.58
12185 23.67
12190 23.67
12195 23.58
12200 23.49
12205 23.49
12210 23.49
12215 23.49
12220 23.40
12225 23.58
12230 23.49
12235 23.49
12240 23.58
12245 23.58
12250 23.58
12255 23.58
12260 23.58
12265 23.67
12270 23.67
12275 23.76
12280 23.67
12285 23.67
12290 23.58
12295 23.67
12300 23.58
12305 23.58
12310 23.49
12315 23.58
12320 23.49
12325 23.49
12330 23.58
12335 23.58
12340 23.58
12345 23.49
12350 23.49
12355 23.49
12360 23.49
12365 23.49
12370 23.49
12375 23.67
12380 23.67
12385 23.58
12390 23.58
12395 23.49
12400 23.49
12405 23.40
12410 23.40
12415 23.40
12420 23.40
12425 23.49
12430 23.49
12435 23.58
12440 23.58
12445 23.49
12450 23.40
12455 23.49
12460 23.58
12465 23.67
12470 23.67
12475 23.67
12480 23.58
12485 23.58
12490 23.67
12495 23.58
12500 23.67
12505 23.67
12510 23.67
12515 23.67
12520 23.67
12525 23.67
12530 23.67
12535 23.58
12540 23.67
12545 23.67
12550 23.76
12555 23.67
12560 23.67
12565 23.58
12570 23.76
12575 23.76
12580 23.85
12585 23.85
12590 23.76
12595 23.76
12600 23.67
12605 23.76
12610 23.76
12615 23.67
12620 23.76
12625 23.67
12630 23.67
12635 23.67
12640 23.76
12645 23.76
12650 23.67
12655 23.67
12660 23.76
12665 23.76
12670 23.76
12675 23.76
12680 23.76
12685 23.76
12690 23.76
12695 23.67
12700 23.76
12705 23.76
12710 23.85
12715 23.85
12720 23.76
12725 23.76
12730 23.67
12735 23.58
12740 23.58
12745 23.49
12750 23.49
12755 23.49
12760 23.49
12765 23.49
12770 23.49
12775 23.49
12780 23.58
12785 23.49
12790 23.49
12795 23.49
12800 23.49
12805 23.49
12810 23.49
12815 23.49
12820 23.49
12825 23.49
12830 23.49
12835 23.58
12840 23.67
12845 23.67
12850 23.76
12855 23.76
12860 23.67
12865 23.58
12870 23.67
12875 23.67
12880 23.76
12885 23.76
12890 23.67
12895 23.67
12900 23.58
12905 23.58
12910 23.58
12915 23.76
12920 23.76
12925 23.76
12930 23.67
12935 23.58
12940 23.40
12945 23.32
12950 23.23
12955 23.23
12960 23.32
12965 23.32
12970 23.40
12975 23.40
12980 23.49
12985 23.49
12990 23.49
12995 23.49
13000 23.49
13005 23.49
13010 23.49
13015 23.49
13020 23.49
13025 23.49
13030 23.49
13035 23.40
13040 23.40
13045 23.40
13050 23.40
13055 23.40
13060 23.40
13065 23.49
13070 23.49
13075 23.49
13080 23.49
13085 23.58
13090 23.58
13095 23.58
13100 23.67
13105 23.67
13110 23.67
13115 23.58
13120 23.58
13125 23.58
13130 23.49
13135 23.49
13140 23.58
13145 23.67
13150 23.67
13155 23.67
13160 23.76
13165 23.76
13170 23.76
13175 23.67
13180 23.76
13185 23.76
13190 23.67
13195 23.67
13200 23.67
13205 23.67
13210 23.76
13215 23.76
13220 23.76
13225 23.76
13230 23.76
13235 23.67
13240 23.67
13245 23.67
13250 23.58
13255 23.58
13260 23.58
13265 23.49
13270 23.49
13275 23.49
13280 23.49
13285 23.49
13290 23.49
13295 23.58
13300 23.67
13305 23.58
13310 23.67
13315 23.76
13320 23.67
13325 23.76
13330 23.76
13335 23.85
13340 23.85
13345 23.76
13350 23.76
13355 23.85
13360 23.85
13365 23.85
13370 23.85
13375 23.85
13380 23.76
13385 23.76
13390 23.76
13395 23.76
13400 23.76
13405 23.85
13410 23.76
13415 23.67
13420 23.58
13425 23.58
13430 23.58
13435 23.49
13440 23.58
13445 23.58
13450 23.67
13455 23.67
13460 23.76
13465 23.67
13470 23.76
13475 23.76
13480 23.76
13485 23.76
13490 23.85
13495 23.85
13500 23.76
13505 23.58
13510 23.49
13515 23.49
13520 23.58
13525 23.67
13530 23.76
13535 23.76
13540 23.85
13545 23.76
13550 23.76
13555 23.67
13560 23.58
13565 23.58
13570 23.58
13575 23.58
13580 23.58
13585 23.49
13590 23.58
13595 23.49
13600 23.58
13605 23.58
13610 23.49
13615 23.49
13620 23.49
13625 23.49
13630 23.58
13635 23.58
13640 23.67
13645 23.67
13650 23.67
13655 23.58
13660 23.49
13665 23.58
13670 23.49
13675 23.49
13680 23.58
13685 23.58
13690 23.58
13695 23.67
13700 23.58
13705 23.49
13710 23.49
13715 23.58
13720 23.58
13725 23.58
13730 23.58
13735 23.58
13740 23.58
13745 23.58
13750 23.58
13755 23.67
13760 23.67
13765 23.67
13770 23.67
13775 23.58
13780 23.58
13785 23.58
13790 23.67
13795 23.58
13800 23.67
13805 23.67
13810 23.76
13815 23.67
13820 23.67
13825 23.67
13830 23.67
13835 23.67
13840 23.49
13845 23.49
13850 23.58
13855 23.58
13860 23.58
13865 23.58
13870 23.67
13875 23.67
13880 23.58
13885 23.67
13890 23.67
13895 23.67
13900 23.67
13905 23.58
13910 23.58
13915 23.58
13920 23.67
13925 23.76
13930 23.76
13935 23.67
13940 23.67
13945 23.67
13950 23.67
13955 23.67
13960 23.67
13965 23.67
13970 23.58
13975 23.67
13980 23.58
13985 23.67
13990 23.49
13995 23.49
14000 23.49
14005 23.49
14010 23.49
14015 23.49
14020 23.58
14025 23.49
14030 23.49
14035 23.49
14040 23.58
14045 23.58
14050 23.58
14055 23.67
14060 23.67
14065 23.67
14070 23.58
14075 23.49
14080 23.58
14085 23.58
14090 23.58
14095 23.58
14100 23.58
14105 23.58
14110 23.58
14115 23.49
14120 23.58
14125 23.58
14130 23.49
14135 23.58
14140 23.58
14145 23.49
14150 23.40
14155 23.49
14160 23.49
14165 23.49
14170 23.49
14175 23.49
14180 23.49
14185 23.58
14190 23.58
14195 23.67
14200 23.58
14205 23.58
14210 23.67
14215 23.58
14220 23.58
14225 23.58
14230 23.49
14235 23.67
14240 23.67
14245 23.67
14250 23.67
14255 23.67
14260 23.58
14265 23.49
14270 23.58
14275 23.49
14280 23.49
14285 23.49
14290 23.58
14295 23.58
14300 23.58
14305 23.58
14310 23.49
14315 23.49
14320 23.58
14325 23.58
14330 23.58
14335 23.49
14340 23.49
14345 23.58
14350 23.49
14355 23.49
14360 23.49
14365 23.58
14370 23.58
14375 23.49
14380 23.49
14385 23.49
14390 23.49
14395 23.49
14400 23.58
14405 23.49
14410 23.49
14415 23.58
14420 23.49
14425 23.49
14430 23.49
14435 23.58
14440 23.58
14445 23.58
14450 23.49
14455 23.40
14460 23.40
14465 23.49
14470 23.49
14475 23.49
14480 23.49
14485 23.58
14490 23.67
14495 23.49
14500 23.49
14505 23.49
14510 23.49
14515 23.49
14520 23.49
14525 23.49
14530 23.49
14535 23.49
14540 23.40
14545 23.49
14550 23.49
14555 23.32
14560 23.32
14565 23.32
14570 23.32
14575 23.40
14580 23.40
14585 23.40
14590 23.40
14595 23.49
14600 23.49
14605 23.49
14610 23.49
14615 23.49
14620 23.40
14625 23.40
14630 23.49
14635 23.49
14640 23.49
14645 23.49
14650 23.49
14655 23.58
14660 23.49
14665 23.49
14670 23.49
14675 23.58
14680 23.58
14685 23.49
14690 23.40
14695 23.40
14700 23.40
14705 23.40
14710 23.40
14715 23.40
14720 23.49
14725 23.58
14730 23.58
14735 23.49
14740 23.58
14745 23.49
14750 23.49
14755 23.49
14760 23.58
14765 23.58
14770 23.67
14775 23.58
14780 23.58
14785 23.49
14790 23.49
14795 23.49
14800 23.49
14805 23.40
14810 23.40
14815 23.40
14820 23.40
14825 23.49
14830 23.49
14835 23.49
14840 23.40
14845 23.40
14850 23.32
14855 23.40
14860 23.32
14865 23.40
14870 23.40
14875 23.49
14880 23.58
14885 23.49
14890 23.49
14895 23.32
14900 23.40
14905 23.40
14910 23.49
14915 23.49
14920 23.58
14925 23.49
14930 23.40
14935 23.40
14940 23.40
14945 23.40
14950 23.49
14955 23.49
14960 23.40
14965 23.49
14970 23.49
14975 23.49
14980 23.40
14985 23.32
14990 23.40
14995 23.40
15000 23.40
15005 23.40
15010 23.40
15015 23.49
15020 23.49
15025 23.40
15030 23.40
15035 23.49
15040 23.49
15045 23.40
15050 23.40
15055 23.40
15060 23.40
15065 23.49
15070 23.32
15075 23.23
15080 23.32
15085 23.23
15090 23.14
15095 23.32
15100 23.32
15105 23.40
15110 23.40
15115 23.40
15120 23.32
15125 23.23
15130 23.23
15135 23.23
15140 23.23
15145 23.23
15150 23.23
15155 23.32
15160 23.40
15165 23.40
15170 23.40
15175 23.49
15180 23.49
15185 23.40
15190 23.40
15195 23.40
15200 23.40
15205 23.40
15210 23.40
15215 23.32
15220 23.32
15225 23.32
15230 23.32
15235 23.32
15240 23.23
15245 23.14
15250 23.23
15255 23.23
15260 23.14
15265 23.23
15270 23.23
15275 23.32
15280 23.32
15285 23.32
15290 23.32
15295 23.32
15300 23.32
15305 23.23
15310 23.23
15315 23.32
15320 23.23
15325 23.23
15330 23.23
15335 23.23
15340 23.23
15345 23.32
15350 23.32
15355 23.32
15360 23.23
15365 23.23
15370 23.32
15375 23.32
15380 23.14
15385 23.23
15390 23.23
15395 23.23
15400 23.23
15405 23.23
15410 23.32
15415 23.32
15420 23.23
15425 23.23
15430 23.32
15435 23.23
15440 23.32
15445 23.32
15450 23.32
15455 23.32
15460 23.32
15465 23.40
15470 23.32
15475 23.32
15480 23.23
15485 23.32
15490 23.23
15495 23.23
15500 23.23
15505 23.23
15510 23.23
15515 23.14
15520 23.23
15525 23.23
15530 23.23
15535 23.14
15540 23.14
15545 23.14
15550 23.14
15555 23.14
15560 23.23
15565 23.23
15570 23.14
15575 23.14
15580 23.23
15585 23.23
15590 23.14
15595 23.14
15600 23.14
15605 23.14
15610 23.23
15615 23.14
15620 23.14
15625 23.23
15630 23.23
15635 23.14
15640 23.14
15645 23.14
15650 23.14
15655 23.14
15660 23.14
15665 23.14
15670 23.14
15675 23.14
15680 23.14
15685 23.23
15690 23.23
15695 23.23
15700 23.14
15705 23.05
15710 23.14
15715 23.23
15720 23.14
15725 23.23
15730 23.14
15735 23.14
15740 23.14
15745 23.23
15750 23.32
15755 23.23
15760 23.14
15765 23.14
15770 23.14
15775 23.14
15780 23.14
15785 23.05
15790 23.14
15795 23.05
15800 23.05
15805 23.14
15810 23.14
15815 23.14
15820 23.23
15825 23.14
15830 23.23
15835 23.23
15840 23.14
15845 23.23
15850 23.05
15855 23.14
15860 23.23
15865 23.23
15870 23.23
15875 23.23
15880 23.14
15885 23.14
15890 23.05
15895 23.05
15900 23.05
15905 23.14
15910 23.14
15915 23.14
15920 23.14
15925 23.05
15930 23.05
15935 23.23
15940 23.23
15945 23.23
15950 23.14
15955 23.14
15960 23.05
15965 23.05
15970 23.14
15975 23.05
15980 23.05
15985 23.14
15990 23.14
15995 23.14
16000 23.14
16005 23.23
16010 23.14
16015 23.14
16020 23.23
16025 23.14
16030 23.14
16035 23.14
16040 23.14
16045 23.14
16050 23.05
16055 23.05
16060 23.14
16065 23.14
16070 23.14
16075 23.14
16080 23.14
16085 23.05
16090 23.14
16095 23.14
16100 23.23
16105 23.23
16110 23.14
16115 23.14
16120 23.14
16125 23.05
16130 23.05
16135 23.05
16140 22.96
16145 22.96
16150 23.05
16155 23.05
16160 23.05
16165 23.14
16170 23.05
16175 23.05
16180 23.14
16185 23.14
16190 23.05
16195 23.05
16200 23.14
16205 23.14
16210 23.05
16215 23.05
16220 23.05
16225 23.14
16230 23.14
16235 23.14
16240 23.14
16245 23.14
16250 23.14
16255 23.14
16260 23.23
16265 23.23
16270 23.14
16275 23.14
16280 23.14
16285 23.14
16290 23.14
16295 23.05
16300 23.05
16305 23.14
16310 23.14
16315 23.14
16320 23.14
16325 23.05
16330 23.14
16335 23.23
16340 23.32
16345 23.40
16350 23.32
16355 23.32
16360 23.23
16365 23.23
16370 23.05
16375 23.05
16380 23.14
16385 23.14
16390 23.05
16395 23.14
16400 23.23
16405 23.23
16410 23.14
16415 23.05
16420 22.96
16425 23.05
16430 23.05
16435 23.05
16440 23.14
16445 23.14
16450 23.14
16455 23.23
16460 23.14
16465 23.14
16470 23.14
16475 23.14
16480 23.05
16485 23.05
16490 22.96
16495 23.05
16500 23.14
16505 23.23
16510 23.23
16515 23.23
16520 23.05
16525 23.05
16530 23.05
16535 23.05
16540 23.14
16545 23.14
16550 23.05
16555 22.87
16560 23.05
16565 23.14
16570 23.05
16575 23.05
16580 23.05
16585 23.05
16590 23.14
16595 23.14
16600 23.23
16605 23.23
16610 23.23
16615 23.32
16620 23.32
16625 23.32
16630 23.23
16635 23.23
16640 23.32
16645 23.23
16650 23.14
16655 23.23
16660 23.32
16665 23.23
16670 23.23
16675 23.23
16680 23.32
16685 23.32
16690 23.32
16695 23.32
16700 23.23
16705 23.32
16710 23.23
16715 23.23
16720 23.23
16725 23.23
16730 23.23
16735 23.23
16740 23.14
16745 23.23
16750 23.32
16755 23.23
16760 23.23
16765 23.23
16770 23.23
16775 23.23
16780 23.05
16785 23.14
16790 23.14
16795 23.32
16800 23.23
16805 23.05
16810 23.14
16815 23.14
16820 23.14
16825 23.23
16830 23.23
16835 23.23
16840 23.23
16845 23.14
16850 23.14
16855 23.23
16860 23.23
16865 23.23
16870 23.32
16875 23.23
16880 23.23
16885 23.23
16890 23.14
16895 23.14
16900 23.14
16905 23.14
16910 23.14
16915 23.14
16920 23.14
16925 23.14
16930 23.23
16935 23.32
16940 23.32
16945 23.23
16950 23.23
16955 23.32
16960 23.32
16965 23.32
16970 23.14
16975 23.14
16980 23.14
16985 23.23
16990 23.23
16995 23.23
17000 23.23
17005 23.32
17010 23.32
17015 23.23
17020 23.23
17025 23.32
17030 23.32
17035 23.40
17040 23.23
17045 23.23
17050 23.23
17055 23.23
17060 23.23
17065 23.23
17070 23.23
17075 23.14
17080 23.32
17085 23.23
17090 23.23
17095 23.23
17100 23.32
17105 23.32
17110 23.23
17115 23.23
17120 23.32
17125 23.32
17130 23.23
17135 23.23
17140 23.23
17145 23.23
17150 23.32
17155 23.32
17160 23.40
17165 23.40
17170 23.40
17175 23.49
17180 23.49
17185 23.40
17190 23.40
17195 23.32
17200 23.23
17205 23.23
17210 23.14
17215 23.14
17220 23.14
17225 23.23
17230 23.23
17235 23.23
17240 23.23
17245 23.23
17250 23.14
17255 23.23
17260 23.23
17265 23.23
17270 23.23
17275 23.23
17280 23.23
17285 23.14
17290 23.05
17295 23.05
17300 23.14
17305 23.14
17310 23.23
17315 23.23
17320 23.32
17325 23.23
17330 23.23
17335 23.23
17340 23.23
17345 23.32
17350 23.23
17355 23.14
17360 23.23
17365 23.14
17370 23.14
17375 23.23
17380 23.32
17385 23.40
17390 23.32
17395 23.23
17400 23.32
17405 23.23
17410 23.32
17415 23.23
17420 23.23
17425 23.23
17430 23.23
17435 23.23
17440 23.23
17445 23.32
17450 23.23
17455 23.32
17460 23.23
17465 23.14
17470 23.23
17475 23.23
17480 23.23
17485 23.14
17490 23.23
17495 23.32
17500 23.32
17505 23.32
17510 23.23
17515 23.32
17520 23.32
17525 23.32
17530 23.23
17535 23.23
17540 23.14
17545 23.14
17550 23.14
17555 23.14
17560 23.14
17565 23.23
17570 23.23
17575 23.23
17580 23.23
17585 23.14
17590 23.23
17595 23.23
17600 23.23
17605 23.23
17610 23.23
17615 23.23
17620 23.23
17625 23.23
17630 23.14
17635 23.32
17640 23.40
17645 23.40
17650 23.32
17655 23.23
17660 23.23
17665 23.14
17670 23.05
17675 23.05
17680 23.05
17685 23.05
17690 23.05
17695 23.05
17700 23.14
17705 23.14
17710 23.23
17715 23.23
17720 23.32
17725 23.32
17730 23.32
17735 23.32
17740 23.40
17745 23.40
17750 23.32
17755 23.32
17760 23.23
17765 23.23
17770 23.23
17775 23.14
17780 23.23
17785 23.23
17790 23.23
17795 23.14
17800 23.14
17805 23.23
17810 23.23
17815 23.14
17820 23.23
17825 23.32
17830 23.32
17835 23.32
17840 23.23
17845 23.23
17850 23.23
17855 23.23
17860 23.32
17865 23.40
17870 23.40
17875 23.32
17880 23.23
17885 23.32
17890 23.32
17895 23.40
17900 23.32
17905 23.32
17910 23.32
17915 23.23
17920 23.23
17925 23.23
17930 23.32
17935 23.23
17940 23.32
17945 23.32
17950 23.32
17955 23.32
17960 23.23
17965 23.23
17970 23.32
17975 23.32
17980 23.32
17985 23.32
17990 23.32
17995 23.32
18000 23.32
18005 23.32
18010 23.40
18015 23.40
18020 23.40
18025 23.40
18030 23.32
18035 23.40
18040 23.40
18045 23.23
18050 23.32
18055 23.32
18060 23.32
18065 23.32
18070 23.32
18075 23.32
18080 23.32
18085 23.32
18090 23.32
18095 23.40
18100 23.40
18105 23.49
18110 23.49
18115 23.49
18120 23.40
18125 23.49
18130 23.49
18135 23.58
18140 23.58
18145 23.49
18150 23.40
18155 23.32
18160 23.32
18165 23.32
18170 23.40
18175 23.40
18180 23.40
18185 23.40
18190 23.40
18195 23.23
18200 23.23
18205 23.32
18210 23.23
18215 23.32
18220 23.40
18225 23.49
18230 23.40
18235 23.40
18240 23.49
18245 23.32
18250 23.40
18255 23.32
18260 23.32
18265 23.32
18270 23.32
18275 23.32
18280 23.32
18285 23.40
18290 23.40
18295 23.40
18300 23.40
18305 23.40
18310 23.40
18315 23.40
18320 23.32
18325 23.32
18330 23.40
18335 23.40
18340 23.40
18345 23.40
18350 23.40
18355 23.40
18360 23.32
18365 23.32
18370 23.32
18375 23.23
18380 23.23
18385 23.23
18390 23.32
18395 23.32
18400 23.32
18405 23.32
18410 23.23
18415 23.32
18420 23.40
18425 23.40
18430 23.40
18435 23.23
18440 23.23
18445 23.23
18450 23.40
18455 23.32
18460 23.32
18465 23.23
18470 23.32
18475 23.32
18480 23.32
18485 23.32
18490 23.40
18495 23.40
18500 23.40
18505 23.32
18510 23.32
18515 23.40
18520 23.32
18525 23.32
18530 23.32
18535 23.23
18540 23.32
18545 23.32
18550 23.40
18555 23.40
18560 23.32
18565 23.40
18570 23.40
18575 23.32
18580 23.23
18585 23.32
18590 23.40
18595 23.49
18600 23.40
18605 23.40
18610 23.23
18615 23.23
18620 23.23
18625 23.14
18630 23.32
18635 23.32
18640 23.32
18645 23.32
18650 23.32
18655 23.32
18660 23.40
18665 23.40
18670 23.40
18675 23.49
18680 23.40
18685 23.32
18690 23.32
18695 23.32
18700 23.32
18705 23.32
18710 23.23
18715 23.14
18720 23.14
18725 23.23
18730 23.23
18735 23.23
18740 23.32
18745 23.32
18750 23.40
18755 23.40
18760 23.40
18765 23.32
18770 23.23
18775 23.14
18780 23.23
18785 23.32
18790 23.23
18795 23.32
18800 23.32
18805 23.23
18810 23.32
18815 23.32
18820 23.32
18825 23.32
18830 23.32
18835 23.05
18840 23.14
18845 23.05
18850 23.05
18855 23.23
18860 23.14
18865 23.14
18870 23.14
18875 22.96
18880 23.05
18885 23.14
18890 23.23
18895 23.32
18900 23.14
18905 23.14
18910 23.05
18915 23.05
18920 23.05
18925 22.96
18930 22.96
18935 22.96
18940 23.14
18945 23.05
18950 23.05
18955 23.05
18960 22.96
18965 22.96
18970 23.05
18975 23.05
18980 23.05
18985 23.14
18990 23.05
18995 23.05
19000 23.23
19005 23.23
19010 23.23
19015 23.23
19020 23.23
19025 23.23
19030 23.32
19035 23.14
19040 23.14
19045 23.23
19050 23.14
19055 23.23
19060 23.23
19065 23.23
19070 23.14
19075 23.23
19080 23.14
19085 23.14
19090 23.23
19095 23.32
19100 23.32
19105 23.32
19110 23.32
19115 23.32
19120 23.23
19125 23.23
19130 23.23
19135 23.23
19140 23.05
19145 23.23
19150 23.32
19155 23.32
19160 23.14
19165 23.23
19170 23.23
19175 23.23
19180 23.32
19185 23.23
19190 23.23
19195 23.32
19200 23.23
19205 23.23
19210 23.23
19215 23.14
19220 23.14
19225 23.14
19230 23.14
19235 23.14
19240 23.14
19245 23.14
19250 23.14
19255 23.23
19260 23.23
19265 23.14
19270 23.23
19275 23.05
19280 23.05
19285 23.05
19290 23.05
19295 23.05
19300 22.96
19305 22.87
19310 22.96
19315 23.05
19320 23.05
19325 22.96
19330 22.96
19335 22.87
19340 22.87
19345 22.87
19350 22.79
19355 22.79
19360 22.87
19365 22.87
19370 22.87
19375 22.87
19380 22.96
19385 22.96
19390 22.96
19395 22.96
19400 22.87
19405 22.96
19410 22.96
19415 23.05
19420 22.96
19425 22.96
19430 22.87
19435 22.87
19440 22.87
19445 22.87
19450 22.87
19455 22.96
19460 22.87
19465 22.87
19470 22.87
19475 22.87
19480 22.87
19485 22.87
19490 23.05
19495 23.05
19500 23.14
19505 22.96
19510 22.96
19515 22.96
19520 22.96
19525 23.05
19530 22.96
19535 22.87
19540 22.87
19545 22.87
19550 23.05
19555 23.05
19560 23.14
19565 23.05
19570 22.96
19575 22.96
19580 22.87
19585 22.96
19590 22.87
19595 22.79
19600 22.79
19605 22.87
19610 22.87
19615 22.79
19620 22.79
19625 22.79
19630 22.87
19635 22.96
19640 22.96
19645 22.96
19650 22.96
19655 22.96
19660 23.05
19665 23.05
19670 22.96
19675 22.96
19680 23.05
19685 22.96
19690 22.87
19695 22.87
19700 22.96
19705 22.96
19710 23.05
19715 23.05
19720 23.05
19725 23.05
19730 22.96
19735 23.05
19740 22.96
19745 22.87
19750 22.96
19755 22.96
19760 23.05
19765 23.05
19770 22.96
19775 23.05
19780 22.96
19785 22.96
19790 22.87
19795 22.52
19800 22.61
19805 22.70
19810 22.79
19815 22.79
19820 22.96
19825 23.05
19830 22.96
19835 22.87
19840 22.87
19845 22.96
19850 22.87
19855 23.05
19860 23.05
19865 23.14
19870 23.14
19875 23.05
19880 23.05
19885 23.14
19890 23.23
19895 23.05
19900 22.96
19905 22.87
19910 22.87
19915 22.87
19920 22.79
19925 22.87
19930 22.87
19935 22.96
19940 22.96
19945 23.05
19950 22.87
19955 22.96
19960 22.87
19965 22.87
19970 22.96
19975 22.96
19980 23.05
19985 22.96
19990 22.96
19995 22.96
20000 22.96
20005 23.05
20010 23.14
20015 23.05
20020 22.96
20025 22.96
20030 22.96
20035 22.96
20040 22.96
20045 23.05
20050 22.96
20055 22.96
20060 23.05
20065 23.05
20070 23.14
20075 23.05
20080 23.05
20085 22.96
20090 23.05
20095 23.14
20100 23.14
20105 23.05
20110 23.05
20115 23.05
20120 23.05
20125 23.14
20130 23.14
20135 23.14
20140 23.05
20145 23.05
20150 22.96
20155 22.96
20160 22.96
20165 23.05
20170 23.14
20175 23.23
20180 23.14
20185 23.14
20190 23.23
20195 23.23
20200 23.14
20205 23.05
20210 23.05
20215 23.05
20220 22.96
20225 22.87
20230 22.87
20235 22.96
20240 23.05
20245 23.05
20250 23.05
20255 23.14
20260 23.14
20265 23.14
20270 23.05
20275 23.05
20280 23.14
20285 23.14
20290 23.14
20295 23.14
20300 23.05
20305 23.05
20310 23.05
20315 23.05
20320 23.14
20325 23.23
20330 23.14
20335 23.32
20340 23.23
20345 23.23
20350 23.14
20355 23.14
20360 23.14
20365 23.14
20370 23.14
20375 23.23
20380 23.23
20385 23.23
20390 23.23
20395 23.32
20400 23.23
20405 23.23
20410 23.23
20415 23.32
20420 23.32
20425 23.23
20430 23.14
20435 23.05
20440 23.14
20445 23.14
20450 23.05
20455 23.14
20460 23.05
20465 23.05
20470 23.14
20475 23.14
20480 23.23
20485 23.23
20490 23.23
20495 23.23
20500 23.14
20505 23.14
20510 23.23
20515 23.14
20520 23.23
20525 23.32
20530 23.32
20535 23.23
20540 23.32
20545 23.32
20550 23.32
20555 23.32
20560 23.32
20565 23.23
20570 23.32
20575 23.40
20580 23.40
20585 23.49
20590 23.32
20595 23.40
20600 23.40
20605 23.32
20610 23.23
20615 23.32
20620 23.32
20625 23.14
20630 23.23
20635 23.14
20640 23.14
20645 23.23
20650 23.14
20655 23.05
20660 23.05
20665 23.05
20670 23.05
20675 23.05
20680 23.05
20685 23.05
20690 23.14
20695 23.14
20700 23.23
20705 23.23
20710 23.23
20715 23.40
20720 23.49
20725 23.76
20730 23.76
20735 23.58
20740 23.40
20745 23.49
20750 23.67
20755 23.76
20760 23.67
20765 23.58
20770 23.67
20775 23.67
20780 23.58
20785 23.76
20790 23.85
20795 23.76
20800 23.76
20805 23.76
20810 23.85
20815 23.85
20820 23.76
20825 23.67
20830 23.49
20835 23.58
20840 23.67
20845 23.67
20850 23.67
20855 23.67
20860 23.67
20865 23.76
20870 23.76
20875 23.76
20880 23.67
20885 23.67
20890 23.67
20895 23.58
20900 23.49
20905 23.40
20910 23.58
20915 23.67
20920 24.02
20925 24.02
20930 23.93
20935 24.11
20940 24.02
20945 24.11
20950 24.02
20955 24.02
20960 23.93
20965 23.67
20970 23.67
20975 23.67
20980 23.76
20985 23.85
20990 23.76
20995 23.67
21000 23.67
21005 23.49
21010 23.67
21015 23.67
21020 23.85
21025 23.76
21030 23.67
21035 23.67
21040 23.67
21045 23.67
21050 23.76
21055 23.85
21060 23.76
21065 23.67
21070 23.49
21075 23.49
21080 23.58
21085 23.67
21090 23.58
21095 23.58
21100 23.67
21105 23.67
21110 23.76
21115 23.76
21120 23.85
21125 23.76
21130 23.85
21135 23.76
21140 23.85
21145 23.85
21150 23.85
21155 23.76
21160 23.76
21165 23.76
21170 23.76
21175 23.76
21180 23.76
21185 23.76
21190 23.76
21195 23.76
21200 23.67
21205 23.67
21210 23.67
21215 23.76
21220 23.85
21225 23.85
21230 23.85
21235 23.85
21240 23.76
21245 23.76
21250 23.76
21255 23.85
21260 23.76
21265 23.76
21270 23.76
21275 23.85
21280 23.85
21285 23.93
21290 23.85
21295 23.93
21300 23.93
21305 23.85
21310 23.93
21315 23.93
21320 23.93
21325 23.93
21330 23.85
21335 23.76
21340 23.85
21345 23.85
21350 23.85
21355 23.85
21360 23.85
21365 23.85
21370 23.93
21375 23.93
21380 23.93
21385 23.93
21390 23.93
21395 23.93
21400 23.85
21405 23.93
21410 23.93
21415 23.85
21420 23.85
21425 23.85
21430 23.85
21435 23.85
21440 23.85
21445 23.85
21450 23.85
21455 23.85
21460 23.85
21465 23.85
21470 23.85
21475 23.85
21480 23.85
21485 23.93
21490 23.93
21495 23.93
21500 23.93
21505 23.93
21510 23.93
21515 24.02
21520 24.02
21525 24.02
21530 23.93
21535 23.85
21540 23.76
21545 23.85
21550 23.85
21555 23.85
21560 23.93
21565 24.02
21570 24.02
21575 23.93
21580 23.93
21585 23.93
21590 24.02
21595 24.02
21600 23.93
21605 23.85
21610 23.85
21615 23.85
21620 23.85
21625 23.93
21630 23.85
21635 23.93
21640 23.93
21645 23.93
21650 23.93
21655 23.85
21660 23.76
21665 23.67
21670 23.67
21675 23.67
21680 23.49
21685 23.58
21690 23.49
21695 23.49
21700 23.40
21705 23.40
21710 23.40
21715 23.40
21720 23.49
21725 23.40
21730 23.40
21735 23.32
21740 23.32
21745 23.32
21750 23.32
21755 23.40
21760 23.32
21765 23.32
21770 23.32
21775 23.32
21780 23.32
21785 23.49
21790 23.49
21795 23.40
21800 23.58
21805 23.58
21810 23.58
21815 23.67
21820 23.76
21825 23.67
21830 23.67
21835 23.67
21840 23.76
21845 23.67
21850 23.67
21855 23.76
21860 23.76
21865 23.76
21870 23.76
21875 23.76
21880 23.76
21885 23.76
21890 23.76
21895 23.76
21900 23.85
21905 23.85
21910 23.85
21915 23.93
21920 23.85
21925 23.85
21930 23.85
21935 23.85
21940 23.85
21945 23.93
21950 23.85
21955 23.93
21960 23.93
21965 23.93
21970 24.02
21975 23.93
21980 23.85
21985 23.85
21990 23.85
21995 23.93
22000 23.85
22005 23.93
22010 23.93
22015 23.85
22020 23.93
22025 23.93
22030 23.93
22035 24.02
22040 24.02
22045 24.02
22050 23.93
22055 23.93
22060 23.93
22065 23.85
22070 23.93
22075 23.93
22080 24.02
22085 24.02
22090 24.02
22095 24.02
22100 24.02
22105 24.02
22110 24.11
22115 24.11
22120 24.11
22125 24.11
22130 24.11
22135 24.11
22140 24.11
22145 24.11
22150 24.11
22155 24.11
22160 24.11
22165 24.02
22170 24.02
22175 24.11
22180 24.11
22185 24.11
22190 24.20
22195 24.29
22200 24.20
22205 24.29
22210 24.29
22215 24.20
22220 24.20
22225 24.11
22230 24.20
22235 24.20
22240 24.11
22245 24.20
22250 24.11
22255 24.11
22260 24.11
22265 24.11
22270 24.11
22275 24.02
22280 24.02
22285 24.11
22290 24.20
22295 24.20
22300 24.20
22305 24.11
22310 24.20
22315 24.20
22320 24.20
22325 24.20
22330 24.11
22335 24.11
22340 24.11
22345 24.11
22350 24.11
22355 24.11
22360 24.11
22365 24.20
22370 24.20
22375 24.20
22380 24.11
22385 24.11
22390 24.11
22395 24.11
22400 24.11
22405 24.11
22410 24.11
22415 24.11
22420 24.11
22425 24.20
22430 24.20
22435 24.20
22440 24.11
22445 24.11
22450 24.11
22455 24.11
22460 24.20
22465 24.11
22470 24.20
22475 24.11
22480 24.20
22485 24.20
22490 24.29
22495 24.20
22500 24.20
22505 24.20
22510 24.38
22515 24.20
22520 24.20
22525 24.20
22530 24.38
22535 24.47
22540 24.38
22545 24.38
22550 24.20
22555 24.11
22560 24.20
22565 24.20
22570 24.20
22575 24.11
22580 24.20
22585 24.38
22590 24.47
22595 24.47
22600 24.47
22605 24.55
22610 24.47
22615 24.29
22620 24.29
22625 24.47
22630 24.29
22635 23.40
22640 23.23
22645 23.05
22650 23.05
22655 24.20
22660 23.76
22665 23.93
22670 23.93
22675 23.85
22680 23.76
22685 23.67
22690 23.67
22695 23.85
22700 23.85
22705 23.76
22710 23.76
22715 23.76
22720 23.76
22725 23.76
22730 23.67
22735 23.58
22740 23.58
22745 23.49
22750 23.76
22755 23.76
22760 23.67
22765 23.67
22770 23.58
22775 23.58
22780 23.49
22785 23.58
22790 23.67
22795 23.58
22800 23.58
22805 23.67
22810 23.76
22815 23.67
22820 23.58
22825 23.67
22830 23.67
22835 23.76
22840 24.02
22845 24.11
22850 23.93
22855 23.85
22860 24.02
22865 24.20
22870 24.20
22875 24.11
22880 24.11
22885 24.20
22890 24.29
22895 24.20
22900 24.11
22905 24.20
22910 24.20
22915 24.11
22920 23.93
22925 23.85
22930 23.76
22935 23.93
22940 24.02
22945 24.02
22950 23.93
22955 24.02
22960 24.02
22965 23.93
22970 23.58
22975 23.76
22980 23.76
22985 23.67
22990 23.49
22995 23.67
23000 23.67
23005 23.67
23010 23.67
23015 23.58
23020 23.40
23025 23.49
23030 23.49
23035 23.58
23040 23.49
23045 23.49
23050 23.49
23055 23.49
23060 23.49
23065 23.49
23070 23.32
23075 23.32
23080 23.23
23085 23.32
23090 23.32
23095 23.32
23100 23.40
23105 23.40
23110 23.49
23115 23.49
23120 23.49
23125 23.49
23130 23.49
23135 23.40
23140 23.40
23145 23.40
23150 23.49
23155 23.40
23160 23.40
23165 23.67
23170 23.85
23175 23.76
23180 23.76
23185 23.76
23190 23.93
23195 24.47
23200 24.29
23205 23.85
23210 24.02
23215 23.93
23220 24.02
23225 24.20
23230 24.20
23235 24.47
23240 24.55
23245 24.47
23250 24.55
23255 24.55
23260 24.64
23265 24.64
23270 24.64
23275 24.55
23280 24.47
23285 24.55
23290 24.55
23295 24.47
23300 24.47
23305 24.38
23310 24.47
23315 24.29
23320 24.29
23325 24.38
23330 24.29
23335 24.20
23340 24.29
23345 24.29
23350 24.38
23355 24.47
23360 24.38
23365 24.29
23370 24.38
23375 24.20
23380 24.20
23385 24.11
23390 24.02
23395 24.11
23400 24.11
23405 24.11
23410 24.02
23415 24.11
23420 24.11
23425 24.20
23430 24.11
23435 24.11
23440 24.38
23445 24.20
23450 24.11
23455 24.20
23460 24.11
23465 24.11
23470 24.20
23475 24.11
23480 24.11
23485 24.20
23490 24.29
23495 24.20
23500 24.20
23505 24.29
23510 24.38
23515 24.55
23520 24.47
23525 24.47
23530 24.38
23535 24.20
23540 24.38
23545 24.47
23550 24.47
23555 24.64
23560 24.64
23565 24.64
23570 24.73
23575 24.73
23580 24.64
23585 24.73
23590 24.82
23595 24.73
23600 24.64
23605 24.55
23610 24.64
23615 24.55
23620 24.55
23625 24.55
23630 24.55
23635 24.47
23640 24.47
23645 24.55
23650 24.55
23655 24.47
23660 24.55
23665 24.55
23670 24.47
23675 24.38
23680 24.38
23685 24.29
23690 24.20
23695 24.20
23700 24.20
23705 24.20
23710 24.20
23715 24.20
23720 24.20
23725 24.20
23730 24.29
23735 24.47
23740 24.47
23745 24.55
23750 24.55
23755 24.47
23760 24.47
23765 24.64
23770 24.55
23775 24.38
23780 24.29
23785 24.20
23790 24.11
23795 24.02
23800 24.20
23805 24.38
23810 24.47
23815 24.38
23820 24.38
23825 24.38
23830 24.38
23835 24.38
23840 24.20
23845 24.11
23850 24.29
23855 24.29
23860 24.38
23865 24.38
23870 24.29
23875 24.11
23880 24.20
23885 24.29
23890 24.20
23895 24.20
23900 24.29
23905 24.20
23910 24.11
23915 24.11
23920 24.29
23925 24.38
23930 24.38
23935 24.29
23940 24.29
23945 24.38
23950 24.47
23955 24.47
23960 24.38
23965 24.20
23970 24.20
23975 24.20
23980 24.38
23985 24.38
23990 24.29
23995 24.38
24000 24.11
24005 24.11
24010 24.20
24015 24.29
24020 24.38
24025 24.20
24030 24.11
24035 24.11
24040 24.20
24045 24.20
24050 24.20
24055 24.29
24060 24.29
24065 24.20
24070 24.11
24075 24.11
24080 24.20
24085 24.29
24090 24.29
24095 24.29
24100 24.20
24105 24.20
24110 24.11
24115 24.11
24120 24.20
24125 24.20
24130 24.20
24135 24.20
24140 24.20
24145 24.11
24150 24.02
24155 24.11
24160 24.20
24165 24.29
24170 24.29
24175 24.20
24180 24.11
24185 24.29
24190 24.29
24195 24.20
24200 24.29
24205 24.20
24210 24.20
24215 24.20
24220 24.29
24225 24.29
24230 24.29
24235 24.29
24240 24.20
24245 24.20
24250 24.11
24255 24.02
24260 23.93
24265 24.02
24270 24.02
24275 23.93
24280 24.02
24285 24.02
24290 24.20
24295 24.11
24300 24.11
24305 24.02
24310 23.93
24315 23.93
24320 24.02
24325 24.02
24330 23.93
24335 23.93
24340 23.93
24345 24.02
24350 23.93
24355 23.93
24360 23.93
24365 23.93
24370 23.85
24375 23.85
24380 23.93
24385 23.85
24390 24.02
24395 24.11
24400 24.20
24405 24.29
24410 24.20
24415 24.02
24420 24.11
24425 24.02
24430 23.93
24435 23.93
24440 24.02
24445 23.93
24450 24.11
24455 24.11
24460 24.02
24465 24.02
24470 24.11
24475 24.02
24480 23.93
24485 23.76
24490 23.76
24495 23.76
24500 23.67
24505 23.67
24510 23.85
24515 23.93
24520 24.02
24525 23.93
24530 23.93
24535 23.93
24540 24.02
24545 23.93
24550 24.02
24555 23.85
24560 23.85
24565 23.85
24570 23.85
24575 23.76
24580 23.85
24585 23.85
24590 23.85
24595 23.93
24600 23.85
24605 23.93
24610 23.93
24615 23.85
24620 23.85
24625 23.85
24630 23.85
24635 23.76
24640 23.85
24645 23.76
24650 23.76
24655 23.76
24660 23.67
24665 23.76
24670 23.93
24675 23.93
24680 23.93
24685 23.93
24690 23.85
24695 23.85
24700 23.93
24705 24.02
24710 24.02
24715 24.02
24720 23.85
24725 23.93
24730 23.93
24735 23.85
24740 23.85
24745 23.85
24750 23.76
24755 23.76
24760 23.76
24765 23.85
24770 23.76
24775 23.76
24780 23.85
24785 23.93
24790 23.85
24795 23.85
24800 23.93
24805 24.02
24810 24.02
24815 24.02
24820 24.02
24825 24.11
24830 24.02
24835 23.85
24840 23.85
24845 23.85
24850 23.85
24855 23.85
24860 23.85
24865 23.85
24870 23.85
24875 24.02
24880 23.93
24885 23.93
24890 23.85
24895 23.85
24900 23.85
24905 23.85
24910 23.93
24915 23.76
24920 23.76
24925 23.67
24930 23.67
24935 23.76
24940 23.76
24945 23.76
24950 23.76
24955 23.76
24960 23.85
24965 23.76
24970 23.85
24975 23.85
24980 23.85
24985 23.85
24990 23.85
24995 23.85
25000 23.76
25005 23.76
25010 23.85
25015 23.85
25020 23.85
25025 23.85
25030 23.76
25035 23.76
25040 23.85
25045 23.85
25050 23.85
25055 23.85
25060 23.85
25065 23.85
25070 23.85
25075 23.85
25080 23.85
25085 23.76
25090 23.76
25095 23.76
25100 23.67
25105 23.76
25110 23.67
25115 23.76
25120 23.76
25125 23.76
25130 23.76
25135 23.85
25140 23.76
25145 23.93
25150 24.02
25155 24.11
25160 24.20
25165 24.20
25170 24.11
25175 24.11
25180 24.11
25185 24.11
25190 24.02
25195 23.93
25200 23.93
25205 23.93
25210 23.85
25215 23.93
25220 23.93
25225 23.93
25230 23.93
25235 23.85
25240 23.76
25245 23.67
25250 23.76
25255 23.93
25260 23.93
25265 23.93
25270 23.93
25275 23.85
25280 23.93
25285 23.93
25290 23.93
25295 23.93
25300 23.85
25305 23.93
25310 23.85
25315 23.76
25320 23.76
25325 23.93
25330 23.93
25335 23.93
25340 24.02
25345 24.02
25350 24.02
25355 23.93
25360 23.93
25365 23.93
25370 23.93
25375 23.93
25380 23.76
25385 23.76
25390 23.85
25395 23.76
25400 23.76
25405 23.67
25410 23.76
25415 23.76
25420 23.85
25425 23.85
25430 23.67
25435 23.67
25440 23.76
25445 23.85
25450 23.67
25455 23.67
25460 23.76
25465 23.85
25470 24.02
25475 24.11
25480 24.02
25485 24.02
25490 24.20
25495 24.20
25500 24.11
25505 24.02
25510 23.93
25515 23.85
25520 23.85
25525 23.76
25530 23.76
25535 23.76
25540 23.85
25545 24.02
25550 23.93
25555 23.93
25560 23.85
25565 23.93
25570 24.11
25575 24.02
25580 24.11
25585 24.11
25590 23.93
25595 23.93
25600 23.76
25605 23.67
25610 23.76
25615 23.85
25620 23.85
25625 23.93
25630 23.93
25635 23.85
25640 23.85
25645 23.93
25650 23.85
25655 23.85
25660 23.93
25665 24.02
25670 24.02
25675 23.93
25680 23.93
25685 23.93
25690 23.85
25695 23.85
25700 23.76
25705 23.76
25710 23.76
25715 23.76
25720 23.76
25725 23.85
25730 23.85
25735 23.85
25740 23.93
25745 23.76
25750 23.76
25755 23.67
25760 23.76
25765 23.76
25770 23.76
25775 23.85
25780 24.11
25785 24.20
25790 24.11
25795 24.11
25800 24.02
25805 24.11
25810 24.02
25815 23.85
25820 23.76
25825 23.85
25830 23.93
25835 23.85
25840 23.85
25845 23.85
25850 23.76
25855 23.76
25860 23.93
25865 24.02
25870 23.93
25875 23.93
25880 23.85
25885 23.85
25890 23.76
25895 23.76
25900 23.76
25905 23.76
25910 23.76
25915 23.85
25920 23.93
25925 23.76
25930 23.76
25935 23.76
25940 23.76
25945 23.85
25950 24.02
25955 23.93
25960 23.85
25965 24.02
25970 24.02
25975 24.02
25980 23.93
25985 23.93
25990 23.93
25995 24.02
26000 24.02
26005 23.85
26010 23.93
26015 23.93
26020 23.85
26025 23.93
26030 23.93
26035 23.93
26040 23.93
26045 23.93
26050 24.02
26055 24.02
26060 24.02
26065 24.02
26070 23.93
26075 23.93
26080 24.02
26085 24.11
26090 24.02
26095 24.02
26100 23.93
26105 23.93
26110 23.93
26115 23.93
26120 24.02
26125 24.02
26130 24.02
26135 24.11
26140 24.11
26145 24.02
26150 24.02
26155 23.93
26160 24.02
26165 23.93
26170 23.85
26175 23.76
26180 23.85
26185 24.02
26190 24.11
26195 23.85
26200 23.85
26205 23.93
26210 24.02
26215 24.02
26220 24.02
26225 23.93
26230 23.76
26235 23.67
26240 23.67
26245 23.85
26250 23.85
26255 23.76
26260 23.76
26265 23.76
26270 23.85
26275 23.85
26280 23.85
26285 23.93
26290 23.85
26295 23.85
26300 23.76
26305 23.85
26310 23.93
26315 23.85
26320 23.76
26325 23.85
26330 23.76
26335 23.85
26340 23.85
26345 23.76
26350 23.76
26355 23.85
26360 23.76
26365 23.76
26370 23.76
26375 23.67
26380 23.67
26385 23.67
26390 23.76
26395 23.93
26400 23.93
26405 23.93
26410 23.85
26415 23.93
26420 23.93
26425 23.85
26430 23.76
26435 23.76
26440 23.76
26445 23.76
26450 23.67
26455 23.76
26460 23.76
26465 23.76
26470 23.76
26475 23.67
26480 23.67
26485 23.76
26490 23.85
26495 23.85
26500 23.93
26505 23.85
26510 23.85
26515 23.85
26520 23.76
26525 23.85
26530 23.85
26535 23.76
26540 23.76
26545 23.85
26550 23.76
26555 23.85
26560 23.85
26565 23.85
26570 23.93
26575 24.02
26580 24.02
26585 23.93
26590 23.76
26595 23.76
26600 23.93
26605 23.85
26610 23.76
26615 23.76
26620 23.85
26625 23.85
26630 23.76
26635 23.76
26640 23.67
26645 23.58
26650 23.58
26655 23.58
26660 23.67
26665 23.67
26670 23.58
26675 23.76
26680 23.76
26685 23.58
26690 23.58
26695 23.58
26700 23.67
26705 23.76
26710 23.76
26715 23.67
26720 23.67
26725 23.67
26730 23.58
26735 23.58
26740 23.49
26745 23.67
26750 23.67
26755 23.76
26760 23.67
26765 23.76
26770 23.76
26775 23.85
26780 23.93
26785 23.85
26790 23.93
26795 23.85
26800 23.85
26805 23.85
26810 23.76
26815 23.67
26820 23.58
26825 23.67
26830 23.76
26835 23.76
26840 23.85
26845 23.76
26850 23.58
26855 23.49
26860 23.49
26865 23.58
26870 23.58
26875 23.58
26880 23.49
26885 23.40
26890 23.40
26895 23.49
26900 23.49
26905 23.40
26910 23.32
26915 23.40
26920 23.49
26925 23.49
26930 23.58
26935 23.67
26940 23.58
26945 23.58
26950 23.58
26955 23.58
26960 23.67
26965 23.85
26970 23.85
26975 23.76
26980 23.67
26985 23.67
26990 23.76
26995 23.76
27000 23.67
27005 23.76
27010 23.76
27015 23.76
27020 23.85
27025 23.76
27030 23.67
27035 23.76
27040 23.76
27045 23.76
27050 23.67
27055 23.67
27060 23.67
27065 23.76
27070 23.67
27075 23.58
27080 23.58
27085 23.67
27090 23.76
27095 23.76
27100 23.85
27105 23.67
27110 23.67
27115 23.67
27120 23.76
27125 23.76
27130 23.76
27135 23.67
27140 23.67
27145 23.67
27150 23.76
27155 23.85
27160 23.85
27165 23.76
27170 23.76
27175 23.76
27180 23.76
27185 23.76
27190 23.85
27195 23.76
27200 23.67
27205 23.49
27210 23.49
27215 23.49
27220 23.49
27225 23.58
27230 23.76
27235 23.67
27240 23.67
27245 23.76
27250 23.67
27255 23.67
27260 23.67
27265 23.67
27270 23.67
27275 23.67
27280 23.76
27285 23.76
27290 23.76
27295 23.76
27300 23.76
27305 23.76
27310 23.67
27315 23.67
27320 23.67
27325 23.67
27330 23.67
27335 23.76
27340 23.67
27345 23.76
27350 23.67
27355 23.67
27360 23.76
27365 23.76
27370 23.67
27375 23.67
27380 23.76
27385 23.76
27390 23.85
27395 23.85
27400 23.85
27405 23.76
27410 23.67
27415 23.67
27420 23.76
27425 23.67
27430 23.67
27435 23.67
27440 23.76
27445 23.76
27450 23.76
27455 23.67
27460 23.85
27465 23.85
27470 23.76
27475 23.67
27480 23.67
27485 23.76
27490 23.76
27495 23.67
27500 23.67
27505 23.76
27510 23.85
27515 23.85
27520 23.85
27525 23.76
27530 23.67
27535 23.67
27540 23.49
27545 23.40
27550 23.40
27555 23.49
27560 23.49
27565 23.49
27570 23.49
27575 23.58
27580 23.76
27585 23.85
27590 23.76
27595 23.76
27600 23.85
27605 23.67
27610 23.58
27615 23.67
27620 23.76
27625 23.76
27630 23.76
27635 23.67
27640 23.76
27645 23.76
27650 23.67
27655 23.58
27660 23.49
27665 23.49
27670 23.49
27675 23.49
27680 23.67
27685 23.76
27690 23.76
27695 23.85
27700 23.93
27705 23.93
27710 23.67
27715 23.58
27720 23.58
27725 23.58
27730 23.49
27735 23.49
27740 23.49
27745 23.40
27750 23.49
27755 23.49
27760 23.49
27765 23.49
27770 23.40
27775 23.49
27780 23.58
27785 23.67
27790 23.58
27795 23.58
27800 23.67
27805 23.58
27810 23.49
27815 23.49
27820 23.40
27825 23.40
27830 23.40
27835 23.40
27840 23.40
27845 23.40
27850 23.40
27855 23.40
27860 23.40
27865 23.40
27870 23.32
27875 23.32
27880 23.32
27885 23.32
27890 23.40
27895 23.58
27900 23.58
27905 23.49
27910 23.58
27915 23.58
27920 23.40
27925 23.40
27930 23.40
27935 23.40
27940 23.49
27945 23.58
27950 23.67
27955 23.58
27960 23.58
27965 23.58
27970 23.76
27975 23.76
27980 23.85
27985 23.76
27990 23.67
27995 23.49
28000 23.40
28005 23.40
28010 23.40
28015 23.49
28020 23.58
28025 23.49
28030 23.58
28035 23.76
28040 23.67
28045 23.67
28050 23.58
28055 23.58
28060 23.58
28065 23.58
28070 23.58
28075 23.58
28080 23.67
28085 23.76
28090 23.76
28095 23.76
28100 23.67
28105 23.67
28110 23.58
28115 23.58
28120 23.58
28125 23.58
28130 23.58
28135 23.58
28140 23.58
28145 23.58
28150 23.49
28155 23.49
28160 23.49
28165 23.58
28170 23.49
28175 23.40
28180 23.40
28185 23.40
28190 23.40
28195 23.49
28200 23.40
28205 23.40
28210 23.40
28215 23.49
28220 23.49
28225 23.67
28230 23.76
28235 23.76
28240 23.76
28245 23.58
28250 23.76
28255 23.93
28260 23.93
28265 23.93
28270 24.02
28275 23.93
28280 23.85
28285 23.76
28290 23.76
28295 23.76
28300 23.93
28305 23.93
28310 24.02
28315 23.85
28320 23.85
28325 23.85
28330 23.76
28335 23.76
28340 23.58
28345 23.67
28350 23.85
28355 23.85
28360 23.85
28365 23.76
28370 23.76
28375 23.76
28380 23.85
28385 23.76
28390 23.76
28395 23.76
28400 23.76
28405 23.76
28410 23.85
28415 23.93
28420 23.93
28425 23.85
28430 23.93
28435 23.93
28440 23.85
28445 23.76
28450 23.76
28455 23.58
28460 23.49
28465 23.49
28470 23.58
28475 23.76
28480 23.85
28485 23.93
28490 24.02
28495 23.93
28500 23.85
28505 23.76
28510 23.76
28515 23.76
28520 23.76
28525 23.76
28530 23.76
28535 23.76
28540 23.85
28545 23.85
28550 23.93
28555 23.93
28560 23.85
28565 23.67
28570 23.67
28575 23.67
28580 23.67
28585 23.76
28590 23.76
28595 23.85
28600 23.85
28605 23.85
28610 23.76
28615 23.58
28620 23.67
28625 23.58
28630 23.67
28635 23.76
28640 23.67
28645 23.67
28650 23.67
28655 23.58
28660 23.58
28665 23.67
28670 23.76
28675 23.76
28680 23.76
28685 23.76
28690 23.76
28695 23.85
28700 23.93
28705 24.02
28710 23.93
28715 23.93
28720 23.93
28725 23.93
28730 23.85
28735 23.67
28740 23.76
28745 23.67
28750 23.58
28755 23.49
28760 23.49
28765 23.40
28770 23.58
28775 23.67
28780 23.58
28785 23.58
28790 23.76
28795 23.85
28800 23.76
28805 23.67
28810 23.67
28815 23.85
28820 23.85
28825 23.85
28830 23.85
28835 23.85
28840 23.76
28845 23.76
28850 23.85
28855 23.76
28860 23.85
28865 23.85
28870 23.85
28875 23.76
28880 23.76
28885 23.85
28890 23.85
28895 23.85
28900 23.85
28905 23.93
28910 23.93
28915 24.02
28920 23.93
28925 23.93
28930 23.93
28935 23.85
28940 23.93
28945 23.85
28950 23.93
28955 23.93
28960 23.85
28965 23.85
28970 23.93
28975 23.93
28980 23.85
28985 23.85
28990 23.85
28995 23.93
29000 23.85
29005 23.85
29010 23.93
29015 23.93
29020 23.93
29025 23.85
29030 23.76
29035 23.76
29040 23.93
29045 23.85
29050 23.93
29055 23.85
29060 23.67
29065 23.67
29070 23.76
29075 23.85
29080 23.93
29085 23.93
29090 23.93
29095 23.93
29100 23.85
29105 23.85
29110 23.85
29115 23.85
29120 23.85
29125 23.93
29130 23.93
29135 24.02
29140 24.02
29145 23.93
29150 23.93
29155 23.93
29160 23.93
29165 23.93
29170 24.02
29175 24.02
29180 23.93
29185 23.93
29190 24.02
29195 24.02
29200 24.02
29205 23.93
29210 23.93
29215 24.02
29220 24.11
29225 24.11
29230 24.11
29235 24.11
29240 24.11
29245 24.11
29250 24.02
29255 24.02
29260 23.93
29265 23.93
29270 23.93
29275 24.02
29280 24.02
29285 24.11
29290 24.02
29295 23.93
29300 24.02
29305 23.93
29310 24.11
29315 24.02
29320 24.11
29325 24.11
29330 24.11
29335 24.11
29340 24.02
29345 24.02
29350 24.02
29355 23.93
29360 23.67
29365 23.76
29370 23.76
29375 23.76
29380 23.67
29385 23.76
29390 23.67
29395 23.76
29400 23.76
29405 23.85
29410 23.93
29415 23.85
29420 23.76
29425 23.85
29430 23.76
29435 23.93
29440 23.93
29445 23.85
29450 23.85
29455 23.85
29460 23.85
29465 23.76
29470 23.76
29475 23.67
29480 23.76
29485 23.93
29490 23.93
29495 24.02
29500 23.85
29505 23.76
29510 23.67
29515 23.76
29520 23.58
29525 23.49
29530 23.49
29535 23.49
29540 23.49
29545 23.58
29550 23.67
29555 23.67
29560 23.67
29565 23.67
29570 23.67
29575 23.76
29580 23.76
29585 23.67
29590 23.58
29595 23.58
29600 23.67
29605 23.67
29610 23.49
29615 23.58
29620 23.67
29625 23.67
29630 23.58
29635 23.58
29640 23.49
29645 23.49
29650 23.58
29655 23.76
29660 23.93
29665 24.02
29670 24.02
29675 23.76
29680 23.67
29685 23.76
29690 23.76
29695 23.76
29700 23.85
29705 23.85
29710 23.85
29715 23.93
29720 24.02
29725 23.93
29730 24.02
29735 23.85
29740 23.76
29745 23.76
29750 23.85
29755 23.93
29760 24.02
29765 23.85
29770 23.76
29775 23.76
29780 23.67
29785 23.67
29790 23.85
29795 23.76
29800 23.76
29805 23.76
29810 23.93
29815 24.02
29820 24.02
29825 24.02
29830 24.02
29835 24.11
29840 24.02
29845 23.93
29850 24.02
29855 24.02
29860 24.02
29865 24.02
29870 24.02
29875 24.02
29880 24.11
29885 24.02
29890 24.02
29895 24.02
29900 24.02
29905 24.02
29910 24.02
29915 24.11
29920 24.02
29925 23.93
29930 23.85
29935 23.67
29940 23.76
29945 23.76
29950 23.76
29955 23.76
29960 23.76
29965 23.93
29970 24.02
29975 23.93
29980 23.85
