46 20.33
47 20.33
48 20.33
49 20.15
50 20.59
51 20.24
52 20.33
53 20.33
54 20.33
55 20.33
56 20.24
57 20.42
58 20.42
59 20.42
60 20.33
61 20.33
62 20.24
63 20.33
64 20.24
65 20.42
66 20.33
67 20.33
68 20.15
69 20.24
70 20.24
71 20.24
72 20.33
73 20.33
74 20.24
75 20.24
76 20.24
77 20.24
78 20.15
79 20.15
80 20.24
81 20.15
82 19.98
83 20.15
84 20.33
85 20.42
86 20.24
87 20.33
88 20.33
89 20.42
90 20.33
91 20.42
92 20.24
93 20.42
94 20.42
95 20.42
96 20.42
97 20.42
98 20.42
99 20.42
100 20.50
101 20.50
102 20.59
103 20.50
104 20.50
105 20.50
106 20.42
107 20.50
108 20.59
109 20.50
110 20.42
111 20.42
112 20.42
113 20.33
114 20.33
115 20.24
116 20.33
117 20.42
118 20.42
119 20.15
120 20.24
121 20.24
122 20.24
123 20.33
124 20.15
125 20.24
126 20.15
127 20.15
128 20.15
129 20.07
130 19.89
131 20.07
132 20.07
133 19.98
134 19.98
135 20.07
136 20.07
137 20.07
138 20.24
139 20.24
140 20.24
141 20.24
142 20.15
143 20.15
144 19.80
145 20.15
146 20.07
147 20.15
148 20.15
149 20.07
150 20.07
151 20.15
152 20.15
153 20.07
154 20.07
155 20.07
156 20.24
157 20.15
158 20.15
159 20.15
160 20.15
161 20.07
162 20.07
163 20.07
164 20.15
165 20.07
166 20.07
167 20.15
168 20.15
169 20.15
170 20.15
171 20.15
172 20.15
173 20.07
174 20.59
175 20.15
176 20.24
177 20.15
178 20.24
179 20.33
180 20.24
181 20.15
182 20.33
183 20.15
184 20.15
185 20.15
186 20.24
187 19.89
188 20.24
189 20.33
190 20.15
191 20.15
192 20.15
193 20.15
194 20.24
195 20.15
196 20.15
197 20.15
198 20.07
199 20.24
200 20.07
201 20.15
202 20.07
203 20.07
204 20.15
205 20.07
206 20.07
207 20.15
208 20.07
209 20.15
210 20.15
211 20.24
212 20.15
213 20.15
214 20.15
215 20.07
216 20.42
217 20.24
218 20.24
219 20.15
220 20.15
221 19.98
222 20.15
223 20.24
224 20.15
225 20.07
226 20.15
227 20.50
228 20.15
229 20.24
230 20.07
231 20.15
232 20.15
233 20.24
234 20.15
235 20.15
236 20.24
237 20.15
238 19.98
239 20.15
240 20.15
241 20.24
242 20.15
243 20.15
244 20.15
245 19.89
246 20.15
247 20.15
248 20.07
249 20.15
250 20.15
251 20.07
252 20.15
253 20.15
254 20.24
255 20.15
256 19.98
257 20.07
258 20.15
259 20.15
260 20.33
261 20.15
262 20.24
263 20.15
264 20.15
265 20.24
266 20.24
267 20.24
268 20.33
269 20.15
270 20.24
271 20.59
272 20.33
273 20.33
274 20.33
275 20.33
276 20.24
277 20.33
278 20.15
279 20.42
280 20.33
281 20.42
282 20.33
283 19.98
284 20.50
285 20.50
286 20.68
287 20.42
288 20.33
289 20.33
290 20.59
291 20.24
292 20.33
293 20.15
294 20.33
295 20.24
296 20.24
297 19.89
298 20.15
299 20.24
300 20.24
301 20.24
302 20.24
303 20.24
304 20.24
305 20.24
306 20.24
307 20.24
308 20.33
309 20.24
310 19.98
311 20.24
312 20.33
313 20.42
314 20.50
315 20.33
316 20.24
317 20.33
318 20.15
319 20.33
320 20.24
321 20.33
322 20.24
323 20.24
324 20.24
325 20.15
326 20.15
327 20.15
328 20.24
329 20.24
330 19.98
