14 20.15 0.50 0.50
15 20.24 0.50 0.50
16 20.15 0.50 0.50
17 20.15 0.50 0.50
18 20.15 0.50 0.50
19 20.24 0.50 0.50
20 20.07 0.50 0.50
21 20.15 0.50 0.50
22 20.15 0.50 0.50
23 20.07 0.50 0.50
24 20.07 0.50 0.50
25 20.15 0.50 0.50
26 20.15 0.50 0.50
27 20.07 0.50 0.50
28 20.15 0.50 0.50
29 20.15 0.50 0.50
30 20.07 0.50 0.50
31 20.07 0.50 0.50
32 20.07 0.50 0.50
33 20.15 0.50 0.50
34 20.07 0.50 0.50
35 20.07 0.50 0.50
36 19.98 0.50 0.50
37 19.98 0.50 0.50
38 19.98 0.50 0.50
39 19.98 0.50 0.50
40 20.07 0.50 0.50
41 19.89 0.50 0.50
42 19.98 0.50 0.50
43 20.24 0.50 0.50
44 19.54 0.50 0.50
45 19.80 0.50 0.50
46 19.98 0.50 0.50
47 20.07 0.50 0.50
48 19.98 0.50 0.50
49 20.07 0.50 0.50
50 19.89 0.50 0.50
51 20.15 0.50 0.50
52 19.98 0.50 0.50
53 20.15 0.50 0.50
54 19.98 0.50 0.50
55 20.07 0.50 0.50
56 19.89 0.50 0.50
57 20.07 0.50 0.50
58 20.07 0.50 0.50
59 20.07 0.50 0.50
60 20.33 0.50 0.50
61 20.07 0.50 0.50
62 19.98 0.50 0.50
63 20.07 0.50 0.50
64 20.07 0.50 0.50
65 20.07 0.50 0.50
66 20.15 0.50 0.50
67 19.98 0.50 0.50
68 20.15 0.50 0.50
69 20.15 0.50 0.50
70 20.42 0.50 0.50
71 20.15 0.50 0.50
72 20.15 0.50 0.50
73 20.07 0.50 0.50
74 20.07 0.50 0.50
75 20.07 0.50 0.50
76 20.07 0.50 0.50
77 20.07 0.50 0.50
78 20.15 0.50 0.50
79 20.07 0.50 0.50
80 20.07 0.50 0.50
81 20.07 0.50 0.50
82 19.98 0.50 0.50
83 20.07 0.50 0.50
84 20.07 0.50 0.50
85 19.98 0.50 0.50
86 20.15 0.50 0.50
87 20.15 0.50 0.50
88 20.24 0.50 0.50
89 20.24 0.50 0.50
90 20.24 0.50 0.50
91 20.33 0.50 0.50
92 20.24 0.50 0.50
93 20.24 0.50 0.50
94 20.42 0.50 0.50
95 20.33 0.50 0.50
96 20.42 0.50 0.50
97 20.24 0.50 0.50
98 20.24 0.50 0.50
99 20.33 0.50 0.50
100 19.89 0.50 0.50
101 20.24 0.50 0.50
102 20.24 0.50 0.50
103 20.24 0.50 0.50
104 20.24 0.50 0.50
105 20.24 0.50 0.50
106 20.15 0.50 0.50
107 20.24 0.50 0.50
108 20.24 0.50 0.50
109 20.15 0.50 0.50
110 20.24 0.50 0.50
111 20.24 0.50 0.50
112 20.24 0.50 0.50
113 20.15 0.50 0.50
114 20.24 0.50 0.50
115 20.33 0.50 0.50
116 20.15 0.50 0.50
117 20.24 0.50 0.50
118 20.15 0.50 0.50
119 20.24 0.50 0.50
120 20.33 0.50 0.50
121 20.24 0.50 0.50
122 19.98 0.50 0.50
123 20.33 0.50 0.50
124 20.24 0.50 0.50
125 20.15 0.50 0.50
126 20.24 0.50 0.50
127 20.24 0.50 0.50
128 19.80 0.50 0.50
129 19.98 0.50 0.50
130 20.15 0.50 0.50
131 20.24 0.50 0.50
