0.000000 0.000000 0.100000 0.100000
1.000000 0.841471 0.100000 0.100000
2.000000 0.909297 0.100000 0.100000
3.000000 0.141120 0.100000 0.100000
4.000000 -0.756802 0.100000 0.100000
5.000000 -0.958924 0.100000 0.100000
6.000000 -0.279415 0.100000 0.100000
7.000000 0.656987 0.100000 0.100000
8.000000 0.989358 0.100000 0.100000
9.000000 0.412118 0.100000 0.100000
10.000000 -0.544021 0.100000 0.100000
11.000000 -0.999990 0.100000 0.100000
12.000000 -0.536573 0.100000 0.100000
13.000000 0.420167 0.100000 0.100000
14.000000 0.990607 0.100000 0.100000
15.000000 0.650288 0.100000 0.100000
16.000000 -0.287903 0.100000 0.100000
17.000000 -0.961397 0.100000 0.100000
18.000000 -0.750987 0.100000 0.100000
19.000000 0.149877 0.100000 0.100000
20.000000 0.912945 0.100000 0.100000
21.000000 0.836656 0.100000 0.100000
22.000000 -0.008851 0.100000 0.100000
23.000000 -0.846220 0.100000 0.100000
24.000000 -0.905578 0.100000 0.100000
25.000000 -0.132352 0.100000 0.100000
26.000000 0.762558 0.100000 0.100000
27.000000 0.956376 0.100000 0.100000
28.000000 0.270906 0.100000 0.100000
29.000000 -0.663634 0.100000 0.100000
30.000000 -0.988032 0.100000 0.100000
31.000000 -0.404038 0.100000 0.100000
32.000000 0.551427 0.100000 0.100000
33.000000 0.999912 0.100000 0.100000
34.000000 0.529083 0.100000 0.100000
35.000000 -0.428183 0.100000 0.100000
36.000000 -0.991779 0.100000 0.100000
37.000000 -0.643538 0.100000 0.100000
38.000000 0.296369 0.100000 0.100000
39.000000 0.963795 0.100000 0.100000
40.000000 0.745113 0.100000 0.100000
41.000000 -0.158623 0.100000 0.100000
42.000000 -0.916522 0.100000 0.100000
43.000000 -0.831775 0.100000 0.100000
44.000000 0.017702 0.100000 0.100000
45.000000 0.850904 0.100000 0.100000
46.000000 0.901788 0.100000 0.100000
47.000000 0.123573 0.100000 0.100000
48.000000 -0.768255 0.100000 0.100000
49.000000 -0.953753 0.100000 0.100000
50.000000 -0.262375 0.100000 0.100000
51.000000 0.670229 0.100000 0.100000
52.000000 0.986628 0.100000 0.100000
53.000000 0.395925 0.100000 0.100000
54.000000 -0.558789 0.100000 0.100000
55.000000 -0.999755 0.100000 0.100000
56.000000 -0.521551 0.100000 0.100000
57.000000 0.436165 0.100000 0.100000
58.000000 0.992873 0.100000 0.100000
59.000000 0.636738 0.100000 0.100000
60.000000 -0.304811 0.100000 0.100000
61.000000 -0.966118 0.100000 0.100000
62.000000 -0.739181 0.100000 0.100000
63.000000 0.167356 0.100000 0.100000
64.000000 0.920026 0.100000 0.100000
65.000000 0.826829 0.100000 0.100000
66.000000 -0.026551 0.100000 0.100000
67.000000 -0.855520 0.100000 0.100000
68.000000 -0.897928 0.100000 0.100000
69.000000 -0.114785 0.100000 0.100000
70.000000 0.773891 0.100000 0.100000
71.000000 0.951055 0.100000 0.100000
72.000000 0.253823 0.100000 0.100000
73.000000 -0.676772 0.100000 0.100000
74.000000 -0.985146 0.100000 0.100000
75.000000 -0.387782 0.100000 0.100000
76.000000 0.566108 0.100000 0.100000
77.000000 0.999520 0.100000 0.100000
78.000000 0.513978 0.100000 0.100000
79.000000 -0.444113 0.100000 0.100000
80.000000 -0.993889 0.100000 0.100000
81.000000 -0.629888 0.100000 0.100000
82.000000 0.313229 0.100000 0.100000
83.000000 0.968364 0.100000 0.100000
84.000000 0.733190 0.100000 0.100000
85.000000 -0.176076 0.100000 0.100000
86.000000 -0.923458 0.100000 0.100000
87.000000 -0.821818 0.100000 0.100000
88.000000 0.035398 0.100000 0.100000
89.000000 0.860069 0.100000 0.100000
90.000000 0.893997 0.100000 0.100000
91.000000 0.105988 0.100000 0.100000
92.000000 -0.779466 0.100000 0.100000
93.000000 -0.948282 0.100000 0.100000
94.000000 -0.245252 0.100000 0.100000
95.000000 0.683262 0.100000 0.100000
96.000000 0.983588 0.100000 0.100000
97.000000 0.379608 0.100000 0.100000
98.000000 -0.573382 0.100000 0.100000
99.000000 -0.999207 0.100000 0.100000
100.000000 -0.506366 0.100000 0.100000
101.000000 0.452026 0.100000 0.100000
102.000000 0.994827 0.100000 0.100000
103.000000 0.622989 0.100000 0.100000
104.000000 -0.321622 0.100000 0.100000
105.000000 -0.970535 0.100000 0.100000
106.000000 -0.727143 0.100000 0.100000
107.000000 0.184782 0.100000 0.100000
108.000000 0.926819 0.100000 0.100000
109.000000 0.816743 0.100000 0.100000
110.000000 -0.044243 0.100000 0.100000
111.000000 -0.864551 0.100000 0.100000
112.000000 -0.889996 0.100000 0.100000
113.000000 -0.097182 0.100000 0.100000
114.000000 0.784980 0.100000 0.100000
115.000000 0.945435 0.100000 0.100000
116.000000 0.236661 0.100000 0.100000
117.000000 -0.689698 0.100000 0.100000
118.000000 -0.981952 0.100000 0.100000
119.000000 -0.371404 0.100000 0.100000
120.000000 0.580611 0.100000 0.100000
121.000000 0.998815 0.100000 0.100000
122.000000 0.498713 0.100000 0.100000
123.000000 -0.459903 0.100000 0.100000
124.000000 -0.995687 0.100000 0.100000
125.000000 -0.616040 0.100000 0.100000
126.000000 0.329991 0.100000 0.100000
127.000000 0.972630 0.100000 0.100000
128.000000 0.721038 0.100000 0.100000
129.000000 -0.193473 0.100000 0.100000
130.000000 -0.930106 0.100000 0.100000
131.000000 -0.811603 0.100000 0.100000
132.000000 0.053084 0.100000 0.100000
133.000000 0.868966 0.100000 0.100000
134.000000 0.885925 0.100000 0.100000
135.000000 0.088369 0.100000 0.100000
136.000000 -0.790433 0.100000 0.100000
137.000000 -0.942514 0.100000 0.100000
138.000000 -0.228052 0.100000 0.100000
139.000000 0.696080 0.100000 0.100000
140.000000 0.980240 0.100000 0.100000
141.000000 0.363171 0.100000 0.100000
142.000000 -0.587795 0.100000 0.100000
143.000000 -0.998345 0.100000 0.100000
144.000000 -0.491022 0.100000 0.100000
145.000000 0.467745 0.100000 0.100000
146.000000 0.996469 0.100000 0.100000
147.000000 0.609044 0.100000 0.100000
148.000000 -0.338333 0.100000 0.100000
149.000000 -0.974649 0.100000 0.100000
150.000000 -0.714876 0.100000 0.100000
151.000000 0.202150 0.100000 0.100000
152.000000 0.933321 0.100000 0.100000
153.000000 0.806401 0.100000 0.100000
154.000000 -0.061920 0.100000 0.100000
155.000000 -0.873312 0.100000 0.100000
156.000000 -0.881785 0.100000 0.100000
157.000000 -0.079549 0.100000 0.100000
158.000000 0.795824 0.100000 0.100000
159.000000 0.939520 0.100000 0.100000
160.000000 0.219425 0.100000 0.100000
161.000000 -0.702408 0.100000 0.100000
162.000000 -0.978450 0.100000 0.100000
163.000000 -0.354910 0.100000 0.100000
164.000000 0.594933 0.100000 0.100000
165.000000 0.997797 0.100000 0.100000
166.000000 0.483292 0.100000 0.100000
167.000000 -0.475550 0.100000 0.100000
168.000000 -0.997173 0.100000 0.100000
169.000000 -0.602000 0.100000 0.100000
170.000000 0.346649 0.100000 0.100000
171.000000 0.976591 0.100000 0.100000
172.000000 0.708659 0.100000 0.100000
173.000000 -0.210811 0.100000 0.100000
174.000000 -0.936462 0.100000 0.100000
175.000000 -0.801135 0.100000 0.100000
176.000000 0.070752 0.100000 0.100000
177.000000 0.877590 0.100000 0.100000
178.000000 0.877575 0.100000 0.100000
179.000000 0.070722 0.100000 0.100000
180.000000 -0.801153 0.100000 0.100000
181.000000 -0.936451 0.100000 0.100000
182.000000 -0.210781 0.100000 0.100000
183.000000 0.708680 0.100000 0.100000
184.000000 0.976584 0.100000 0.100000
185.000000 0.346621 0.100000 0.100000
186.000000 -0.602024 0.100000 0.100000
187.000000 -0.997171 0.100000 0.100000
188.000000 -0.475524 0.100000 0.100000
189.000000 0.483318 0.100000 0.100000
190.000000 0.997799 0.100000 0.100000
191.000000 0.594909 0.100000 0.100000
192.000000 -0.354938 0.100000 0.100000
193.000000 -0.978457 0.100000 0.100000
194.000000 -0.702386 0.100000 0.100000
195.000000 0.219455 0.100000 0.100000
196.000000 0.939530 0.100000 0.100000
197.000000 0.795806 0.100000 0.100000
198.000000 -0.079579 0.100000 0.100000
199.000000 -0.881799 0.100000 0.100000
200.000000 -0.873297 0.100000 0.100000
201.000000 -0.061890 0.100000 0.100000
202.000000 0.806418 0.100000 0.100000
203.000000 0.933310 0.100000 0.100000
204.000000 0.202120 0.100000 0.100000
205.000000 -0.714898 0.100000 0.100000
206.000000 -0.974642 0.100000 0.100000
207.000000 -0.338305 0.100000 0.100000
208.000000 0.609068 0.100000 0.100000
209.000000 0.996467 0.100000 0.100000
210.000000 0.467719 0.100000 0.100000
211.000000 -0.491048 0.100000 0.100000
212.000000 -0.998347 0.100000 0.100000
213.000000 -0.587771 0.100000 0.100000
214.000000 0.363199 0.100000 0.100000
215.000000 0.980246 0.100000 0.100000
216.000000 0.696058 0.100000 0.100000
217.000000 -0.228082 0.100000 0.100000
218.000000 -0.942525 0.100000 0.100000
219.000000 -0.790415 0.100000 0.100000
220.000000 0.088399 0.100000 0.100000
221.000000 0.885939 0.100000 0.100000
222.000000 0.868951 0.100000 0.100000
223.000000 0.053053 0.100000 0.100000
224.000000 -0.811621 0.100000 0.100000
225.000000 -0.930095 0.100000 0.100000
226.000000 -0.193444 0.100000 0.100000
227.000000 0.721059 0.100000 0.100000
228.000000 0.972623 0.100000 0.100000
229.000000 0.329962 0.100000 0.100000
230.000000 -0.616064 0.100000 0.100000
231.000000 -0.995684 0.100000 0.100000
232.000000 -0.459877 0.100000 0.100000
233.000000 0.498739 0.100000 0.100000
234.000000 0.998817 0.100000 0.100000
235.000000 0.580587 0.100000 0.100000
236.000000 -0.371432 0.100000 0.100000
237.000000 -0.981958 0.100000 0.100000
238.000000 -0.689676 0.100000 0.100000
239.000000 0.236691 0.100000 0.100000
240.000000 0.945445 0.100000 0.100000
241.000000 0.784962 0.100000 0.100000
242.000000 -0.097212 0.100000 0.100000
243.000000 -0.890009 0.100000 0.100000
244.000000 -0.864536 0.100000 0.100000
245.000000 -0.044213 0.100000 0.100000
246.000000 0.816760 0.100000 0.100000
247.000000 0.926807 0.100000 0.100000
248.000000 0.184752 0.100000 0.100000
249.000000 -0.727163 0.100000 0.100000
250.000000 -0.970528 0.100000 0.100000
251.000000 -0.321594 0.100000 0.100000
252.000000 0.623012 0.100000 0.100000
253.000000 0.994824 0.100000 0.100000
254.000000 0.451999 0.100000 0.100000
255.000000 -0.506392 0.100000 0.100000
256.000000 -0.999208 0.100000 0.100000
257.000000 -0.573357 0.100000 0.100000
258.000000 0.379636 0.100000 0.100000
259.000000 0.983593 0.100000 0.100000
260.000000 0.683240 0.100000 0.100000
261.000000 -0.245281 0.100000 0.100000
262.000000 -0.948292 0.100000 0.100000
263.000000 -0.779447 0.100000 0.100000
264.000000 0.106017 0.100000 0.100000
265.000000 0.894010 0.100000 0.100000
266.000000 0.860054 0.100000 0.100000
267.000000 0.035368 0.100000 0.100000
268.000000 -0.821835 0.100000 0.100000
269.000000 -0.923447 0.100000 0.100000
270.000000 -0.176046 0.100000 0.100000
271.000000 0.733211 0.100000 0.100000
272.000000 0.968357 0.100000 0.100000
273.000000 0.313200 0.100000 0.100000
274.000000 -0.629911 0.100000 0.100000
275.000000 -0.993885 0.100000 0.100000
276.000000 -0.444086 0.100000 0.100000
277.000000 0.514004 0.100000 0.100000
278.000000 0.999521 0.100000 0.100000
279.000000 0.566083 0.100000 0.100000
280.000000 -0.387809 0.100000 0.100000
281.000000 -0.985151 0.100000 0.100000
282.000000 -0.676750 0.100000 0.100000
283.000000 0.253853 0.100000 0.100000
284.000000 0.951064 0.100000 0.100000
285.000000 0.773872 0.100000 0.100000
286.000000 -0.114815 0.100000 0.100000
287.000000 -0.897941 0.100000 0.100000
288.000000 -0.855504 0.100000 0.100000
289.000000 -0.026521 0.100000 0.100000
290.000000 0.826846 0.100000 0.100000
291.000000 0.920014 0.100000 0.100000
292.000000 0.167326 0.100000 0.100000
293.000000 -0.739201 0.100000 0.100000
294.000000 -0.966110 0.100000 0.100000
295.000000 -0.304782 0.100000 0.100000
296.000000 0.636761 0.100000 0.100000
297.000000 0.992869 0.100000 0.100000
298.000000 0.436138 0.100000 0.100000
299.000000 -0.521577 0.100000 0.100000
300.000000 -0.999756 0.100000 0.100000
301.000000 -0.558764 0.100000 0.100000
302.000000 0.395953 0.100000 0.100000
303.000000 0.986633 0.100000 0.100000
304.000000 0.670207 0.100000 0.100000
305.000000 -0.262404 0.100000 0.100000
306.000000 -0.953762 0.100000 0.100000
307.000000 -0.768235 0.100000 0.100000
308.000000 0.123603 0.100000 0.100000
309.000000 0.901801 0.100000 0.100000
310.000000 0.850888 0.100000 0.100000
311.000000 0.017672 0.100000 0.100000
312.000000 -0.831791 0.100000 0.100000
313.000000 -0.916509 0.100000 0.100000
314.000000 -0.158593 0.100000 0.100000
315.000000 0.745133 0.100000 0.100000
316.000000 0.963787 0.100000 0.100000
317.000000 0.296340 0.100000 0.100000
318.000000 -0.643561 0.100000 0.100000
319.000000 -0.991775 0.100000 0.100000
320.000000 -0.428155 0.100000 0.100000
321.000000 0.529108 0.100000 0.100000
322.000000 0.999912 0.100000 0.100000
323.000000 0.551402 0.100000 0.100000
324.000000 -0.404065 0.100000 0.100000
325.000000 -0.988036 0.100000 0.100000
326.000000 -0.663611 0.100000 0.100000
327.000000 0.270935 0.100000 0.100000
328.000000 0.956385 0.100000 0.100000
329.000000 0.762539 0.100000 0.100000
330.000000 -0.132382 0.100000 0.100000
331.000000 -0.905591 0.100000 0.100000
332.000000 -0.846204 0.100000 0.100000
333.000000 -0.008821 0.100000 0.100000
334.000000 0.836672 0.100000 0.100000
335.000000 0.912933 0.100000 0.100000
336.000000 0.149847 0.100000 0.100000
337.000000 -0.751007 0.100000 0.100000
338.000000 -0.961389 0.100000 0.100000
339.000000 -0.287874 0.100000 0.100000
340.000000 0.650311 0.100000 0.100000
341.000000 0.990603 0.100000 0.100000
342.000000 0.420140 0.100000 0.100000
343.000000 -0.536598 0.100000 0.100000
344.000000 -0.999990 0.100000 0.100000
345.000000 -0.543996 0.100000 0.100000
346.000000 0.412146 0.100000 0.100000
347.000000 0.989363 0.100000 0.100000
348.000000 0.656964 0.100000 0.100000
349.000000 -0.279444 0.100000 0.100000
350.000000 -0.958933 0.100000 0.100000
351.000000 -0.756783 0.100000 0.100000
352.000000 0.141150 0.100000 0.100000
353.000000 0.909310 0.100000 0.100000
354.000000 0.841455 0.100000 0.100000
355.000000 -0.000030 0.100000 0.100000
356.000000 -0.841487 0.100000 0.100000
357.000000 -0.909285 0.100000 0.100000
358.000000 -0.141090 0.100000 0.100000
359.000000 0.756822 0.100000 0.100000
360.000000 0.958916 0.100000 0.100000
361.000000 0.279387 0.100000 0.100000
362.000000 -0.657009 0.100000 0.100000
363.000000 -0.989354 0.100000 0.100000
364.000000 -0.412091 0.100000 0.100000
365.000000 0.544046 0.100000 0.100000
366.000000 0.999990 0.100000 0.100000
367.000000 0.536547 0.100000 0.100000
368.000000 -0.420194 0.100000 0.100000
369.000000 -0.990611 0.100000 0.100000
370.000000 -0.650265 0.100000 0.100000
371.000000 0.287932 0.100000 0.100000
372.000000 0.961406 0.100000 0.100000
373.000000 0.750967 0.100000 0.100000
374.000000 -0.149907 0.100000 0.100000
375.000000 -0.912958 0.100000 0.100000
376.000000 -0.836639 0.100000 0.100000
377.000000 0.008881 0.100000 0.100000
378.000000 0.846236 0.100000 0.100000
379.000000 0.905566 0.100000 0.100000
380.000000 0.132322 0.100000 0.100000
381.000000 -0.762578 0.100000 0.100000
382.000000 -0.956367 0.100000 0.100000
383.000000 -0.270877 0.100000 0.100000
384.000000 0.663656 0.100000 0.100000
385.000000 0.988027 0.100000 0.100000
386.000000 0.404010 0.100000 0.100000
387.000000 -0.551452 0.100000 0.100000
388.000000 -0.999911 0.100000 0.100000
389.000000 -0.529057 0.100000 0.100000
390.000000 0.428210 0.100000 0.100000
391.000000 0.991783 0.100000 0.100000
392.000000 0.643515 0.100000 0.100000
393.000000 -0.296397 0.100000 0.100000
394.000000 -0.963803 0.100000 0.100000
395.000000 -0.745093 0.100000 0.100000
396.000000 0.158652 0.100000 0.100000
397.000000 0.916534 0.100000 0.100000
398.000000 0.831758 0.100000 0.100000
399.000000 -0.017732 0.100000 0.100000
400.000000 -0.850919 0.100000 0.100000
401.000000 -0.901775 0.100000 0.100000
402.000000 -0.123543 0.100000 0.100000
403.000000 0.768274 0.100000 0.100000
404.000000 0.953744 0.100000 0.100000
405.000000 0.262346 0.100000 0.100000
406.000000 -0.670252 0.100000 0.100000
407.000000 -0.986623 0.100000 0.100000
408.000000 -0.395897 0.100000 0.100000
409.000000 0.558814 0.100000 0.100000
410.000000 0.999755 0.100000 0.100000
411.000000 0.521525 0.100000 0.100000
412.000000 -0.436192 0.100000 0.100000
413.000000 -0.992876 0.100000 0.100000
414.000000 -0.636715 0.100000 0.100000
415.000000 0.304839 0.100000 0.100000
416.000000 0.966126 0.100000 0.100000
417.000000 0.739160 0.100000 0.100000
418.000000 -0.167385 0.100000 0.100000
419.000000 -0.920038 0.100000 0.100000
420.000000 -0.826812 0.100000 0.100000
421.000000 0.026581 0.100000 0.100000
422.000000 0.855536 0.100000 0.100000
423.000000 0.897914 0.100000 0.100000
424.000000 0.114755 0.100000 0.100000
425.000000 -0.773910 0.100000 0.100000
426.000000 -0.951045 0.100000 0.100000
427.000000 -0.253794 0.100000 0.100000
428.000000 0.676794 0.100000 0.100000
429.000000 0.985141 0.100000 0.100000
430.000000 0.387754 0.100000 0.100000
431.000000 -0.566132 0.100000 0.100000
432.000000 -0.999519 0.100000 0.100000
433.000000 -0.513953 0.100000 0.100000
434.000000 0.444140 0.100000 0.100000
435.000000 0.993892 0.100000 0.100000
436.000000 0.629865 0.100000 0.100000
437.000000 -0.313257 0.100000 0.100000
438.000000 -0.968372 0.100000 0.100000
439.000000 -0.733170 0.100000 0.100000
440.000000 0.176105 0.100000 0.100000
441.000000 0.923470 0.100000 0.100000
442.000000 0.821801 0.100000 0.100000
443.000000 -0.035428 0.100000 0.100000
444.000000 -0.860085 0.100000 0.100000
445.000000 -0.893983 0.100000 0.100000
446.000000 -0.105958 0.100000 0.100000
447.000000 0.779485 0.100000 0.100000
448.000000 0.948273 0.100000 0.100000
449.000000 0.245223 0.100000 0.100000
450.000000 -0.683284 0.100000 0.100000
451.000000 -0.983582 0.100000 0.100000
452.000000 -0.379580 0.100000 0.100000
453.000000 0.573407 0.100000 0.100000
454.000000 0.999206 0.100000 0.100000
455.000000 0.506340 0.100000 0.100000
456.000000 -0.452053 0.100000 0.100000
457.000000 -0.994830 0.100000 0.100000
458.000000 -0.622965 0.100000 0.100000
459.000000 0.321651 0.100000 0.100000
460.000000 0.970543 0.100000 0.100000
461.000000 0.727122 0.100000 0.100000
462.000000 -0.184811 0.100000 0.100000
463.000000 -0.926830 0.100000 0.100000
464.000000 -0.816725 0.100000 0.100000
465.000000 0.044273 0.100000 0.100000
466.000000 0.864567 0.100000 0.100000
467.000000 0.889982 0.100000 0.100000
468.000000 0.097152 0.100000 0.100000
469.000000 -0.784999 0.100000 0.100000
470.000000 -0.945426 0.100000 0.100000
471.000000 -0.236632 0.100000 0.100000
472.000000 0.689720 0.100000 0.100000
473.000000 0.981946 0.100000 0.100000
474.000000 0.371376 0.100000 0.100000
475.000000 -0.580636 0.100000 0.100000
476.000000 -0.998814 0.100000 0.100000
477.000000 -0.498687 0.100000 0.100000
478.000000 0.459930 0.100000 0.100000
479.000000 0.995690 0.100000 0.100000
480.000000 0.616017 0.100000 0.100000
481.000000 -0.330019 0.100000 0.100000
482.000000 -0.972637 0.100000 0.100000
483.000000 -0.721017 0.100000 0.100000
484.000000 0.193503 0.100000 0.100000
485.000000 0.930117 0.100000 0.100000
486.000000 0.811586 0.100000 0.100000
487.000000 -0.053114 0.100000 0.100000
488.000000 -0.868981 0.100000 0.100000
489.000000 -0.885911 0.100000 0.100000
490.000000 -0.088339 0.100000 0.100000
491.000000 0.790452 0.100000 0.100000
492.000000 0.942504 0.100000 0.100000
493.000000 0.228023 0.100000 0.100000
494.000000 -0.696102 0.100000 0.100000
495.000000 -0.980234 0.100000 0.100000
496.000000 -0.363143 0.100000 0.100000
497.000000 0.587819 0.100000 0.100000
498.000000 0.998344 0.100000 0.100000
499.000000 0.490995 0.100000 0.100000
500.000000 -0.467772 0.100000 0.100000
501.000000 -0.996472 0.100000 0.100000
502.000000 -0.609020 0.100000 0.100000
503.000000 0.338362 0.100000 0.100000
504.000000 0.974655 0.100000 0.100000
505.000000 0.714855 0.100000 0.100000
506.000000 -0.202179 0.100000 0.100000
507.000000 -0.933331 0.100000 0.100000
508.000000 -0.806383 0.100000 0.100000
509.000000 0.061950 0.100000 0.100000
510.000000 0.873327 0.100000 0.100000
511.000000 0.881770 0.100000 0.100000
512.000000 0.079518 0.100000 0.100000
513.000000 -0.795842 0.100000 0.100000
514.000000 -0.939509 0.100000 0.100000
515.000000 -0.219396 0.100000 0.100000
516.000000 0.702429 0.100000 0.100000
517.000000 0.978444 0.100000 0.100000
518.000000 0.354882 0.100000 0.100000
519.000000 -0.594957 0.100000 0.100000
520.000000 -0.997795 0.100000 0.100000
521.000000 -0.483265 0.100000 0.100000
522.000000 0.475577 0.100000 0.100000
523.000000 0.997176 0.100000 0.100000
524.000000 0.601976 0.100000 0.100000
525.000000 -0.346678 0.100000 0.100000
526.000000 -0.976597 0.100000 0.100000
527.000000 -0.708638 0.100000 0.100000
528.000000 0.210840 0.100000 0.100000
529.000000 0.936473 0.100000 0.100000
530.000000 0.801117 0.100000 0.100000
531.000000 -0.070782 0.100000 0.100000
532.000000 -0.877604 0.100000 0.100000
533.000000 -0.877561 0.100000 0.100000
534.000000 -0.070692 0.100000 0.100000
535.000000 0.801171 0.100000 0.100000
536.000000 0.936441 0.100000 0.100000
537.000000 0.210752 0.100000 0.100000
538.000000 -0.708702 0.100000 0.100000
539.000000 -0.976578 0.100000 0.100000
540.000000 -0.346593 0.100000 0.100000
541.000000 0.602048 0.100000 0.100000
542.000000 0.997169 0.100000 0.100000
543.000000 0.475497 0.100000 0.100000
544.000000 -0.483344 0.100000 0.100000
545.000000 -0.997801 0.100000 0.100000
546.000000 -0.594884 0.100000 0.100000
547.000000 0.354967 0.100000 0.100000
548.000000 0.978463 0.100000 0.100000
549.000000 0.702365 0.100000 0.100000
550.000000 -0.219484 0.100000 0.100000
551.000000 -0.939540 0.100000 0.100000
552.000000 -0.795788 0.100000 0.100000
553.000000 0.079609 0.100000 0.100000
554.000000 0.881813 0.100000 0.100000
555.000000 0.873283 0.100000 0.100000
556.000000 0.061860 0.100000 0.100000
557.000000 -0.806436 0.100000 0.100000
558.000000 -0.933299 0.100000 0.100000
559.000000 -0.202091 0.100000 0.100000
560.000000 0.714919 0.100000 0.100000
561.000000 0.974635 0.100000 0.100000
562.000000 0.338277 0.100000 0.100000
563.000000 -0.609092 0.100000 0.100000
564.000000 -0.996464 0.100000 0.100000
565.000000 -0.467692 0.100000 0.100000
566.000000 0.491074 0.100000 0.100000
567.000000 0.998349 0.100000 0.100000
568.000000 0.587746 0.100000 0.100000
569.000000 -0.363228 0.100000 0.100000
570.000000 -0.980252 0.100000 0.100000
571.000000 -0.696037 0.100000 0.100000
572.000000 0.228111 0.100000 0.100000
573.000000 0.942535 0.100000 0.100000
574.000000 0.790396 0.100000 0.100000
575.000000 -0.088429 0.100000 0.100000
576.000000 -0.885953 0.100000 0.100000
577.000000 -0.868936 0.100000 0.100000
578.000000 -0.053023 0.100000 0.100000
579.000000 0.811639 0.100000 0.100000
580.000000 0.930084 0.100000 0.100000
581.000000 0.193414 0.100000 0.100000
582.000000 -0.721079 0.100000 0.100000
583.000000 -0.972616 0.100000 0.100000
584.000000 -0.329934 0.100000 0.100000
585.000000 0.616088 0.100000 0.100000
586.000000 0.995681 0.100000 0.100000
587.000000 0.459850 0.100000 0.100000
588.000000 -0.498765 0.100000 0.100000
589.000000 -0.998818 0.100000 0.100000
590.000000 -0.580562 0.100000 0.100000
591.000000 0.371460 0.100000 0.100000
592.000000 0.981964 0.100000 0.100000
593.000000 0.689654 0.100000 0.100000
594.000000 -0.236720 0.100000 0.100000
595.000000 -0.945455 0.100000 0.100000
596.000000 -0.784943 0.100000 0.100000
597.000000 0.097242 0.100000 0.100000
598.000000 0.890023 0.100000 0.100000
599.000000 0.864521 0.100000 0.100000
600.000000 0.044182 0.100000 0.100000
601.000000 -0.816777 0.100000 0.100000
602.000000 -0.926796 0.100000 0.100000
603.000000 -0.184722 0.100000 0.100000
604.000000 0.727184 0.100000 0.100000
605.000000 0.970521 0.100000 0.100000
606.000000 0.321565 0.100000 0.100000
607.000000 -0.623036 0.100000 0.100000
608.000000 -0.994821 0.100000 0.100000
609.000000 -0.451972 0.100000 0.100000
610.000000 0.506418 0.100000 0.100000
611.000000 0.999209 0.100000 0.100000
612.000000 0.573332 0.100000 0.100000
613.000000 -0.379664 0.100000 0.100000
614.000000 -0.983599 0.100000 0.100000
615.000000 -0.683218 0.100000 0.100000
616.000000 0.245310 0.100000 0.100000
617.000000 0.948301 0.100000 0.100000
618.000000 0.779428 0.100000 0.100000
619.000000 -0.106047 0.100000 0.100000
620.000000 -0.894024 0.100000 0.100000
621.000000 -0.860039 0.100000 0.100000
622.000000 -0.035338 0.100000 0.100000
623.000000 0.821852 0.100000 0.100000
624.000000 0.923435 0.100000 0.100000
625.000000 0.176016 0.100000 0.100000
626.000000 -0.733231 0.100000 0.100000
627.000000 -0.968349 0.100000 0.100000
628.000000 -0.313172 0.100000 0.100000
629.000000 0.629935 0.100000 0.100000
630.000000 0.993882 0.100000 0.100000
631.000000 0.444059 0.100000 0.100000
632.000000 -0.514030 0.100000 0.100000
633.000000 -0.999522 0.100000 0.100000
634.000000 -0.566058 0.100000 0.100000
635.000000 0.387837 0.100000 0.100000
636.000000 0.985157 0.100000 0.100000
637.000000 0.676728 0.100000 0.100000
638.000000 -0.253882 0.100000 0.100000
639.000000 -0.951073 0.100000 0.100000
640.000000 -0.773852 0.100000 0.100000
641.000000 0.114845 0.100000 0.100000
642.000000 0.897954 0.100000 0.100000
643.000000 0.855489 0.100000 0.100000
644.000000 0.026491 0.100000 0.100000
645.000000 -0.826863 0.100000 0.100000
646.000000 -0.920002 0.100000 0.100000
647.000000 -0.167296 0.100000 0.100000
648.000000 0.739221 0.100000 0.100000
649.000000 0.966102 0.100000 0.100000
650.000000 0.304753 0.100000 0.100000
651.000000 -0.636784 0.100000 0.100000
652.000000 -0.992865 0.100000 0.100000
653.000000 -0.436111 0.100000 0.100000
654.000000 0.521602 0.100000 0.100000
655.000000 0.999757 0.100000 0.100000
656.000000 0.558739 0.100000 0.100000
657.000000 -0.395981 0.100000 0.100000
658.000000 -0.986637 0.100000 0.100000
659.000000 -0.670184 0.100000 0.100000
660.000000 0.262433 0.100000 0.100000
661.000000 0.953771 0.100000 0.100000
662.000000 0.768216 0.100000 0.100000
663.000000 -0.123633 0.100000 0.100000
664.000000 -0.901814 0.100000 0.100000
665.000000 -0.850872 0.100000 0.100000
666.000000 -0.017642 0.100000 0.100000
667.000000 0.831808 0.100000 0.100000
668.000000 0.916497 0.100000 0.100000
669.000000 0.158563 0.100000 0.100000
670.000000 -0.745153 0.100000 0.100000
671.000000 -0.963779 0.100000 0.100000
672.000000 -0.296311 0.100000 0.100000
673.000000 0.643584 0.100000 0.100000
674.000000 0.991771 0.100000 0.100000
675.000000 0.428128 0.100000 0.100000
676.000000 -0.529134 0.100000 0.100000
677.000000 -0.999913 0.100000 0.100000
678.000000 -0.551376 0.100000 0.100000
679.000000 0.404093 0.100000 0.100000
680.000000 0.988041 0.100000 0.100000
681.000000 0.663589 0.100000 0.100000
682.000000 -0.270964 0.100000 0.100000
683.000000 -0.956394 0.100000 0.100000
684.000000 -0.762519 0.100000 0.100000
685.000000 0.132412 0.100000 0.100000
686.000000 0.905604 0.100000 0.100000
687.000000 0.846188 0.100000 0.100000
688.000000 0.008791 0.100000 0.100000
689.000000 -0.836689 0.100000 0.100000
690.000000 -0.912921 0.100000 0.100000
691.000000 -0.149818 0.100000 0.100000
692.000000 0.751027 0.100000 0.100000
693.000000 0.961381 0.100000 0.100000
694.000000 0.287846 0.100000 0.100000
695.000000 -0.650334 0.100000 0.100000
696.000000 -0.990599 0.100000 0.100000
697.000000 -0.420112 0.100000 0.100000
698.000000 0.536624 0.100000 0.100000
699.000000 0.999990 0.100000 0.100000
700.000000 0.543971 0.100000 0.100000
701.000000 -0.412173 0.100000 0.100000
702.000000 -0.989367 0.100000 0.100000
703.000000 -0.656941 0.100000 0.100000
704.000000 0.279473 0.100000 0.100000
705.000000 0.958941 0.100000 0.100000
706.000000 0.756763 0.100000 0.100000
707.000000 -0.141180 0.100000 0.100000
708.000000 -0.909323 0.100000 0.100000
709.000000 -0.841438 0.100000 0.100000
710.000000 0.000060 0.100000 0.100000
711.000000 0.841504 0.100000 0.100000
712.000000 0.909272 0.100000 0.100000
713.000000 0.141060 0.100000 0.100000
714.000000 -0.756842 0.100000 0.100000
715.000000 -0.958907 0.100000 0.100000
716.000000 -0.279358 0.100000 0.100000
717.000000 0.657032 0.100000 0.100000
718.000000 0.989349 0.100000 0.100000
719.000000 0.412064 0.100000 0.100000
720.000000 -0.544072 0.100000 0.100000
721.000000 -0.999990 0.100000 0.100000
722.000000 -0.536522 0.100000 0.100000
723.000000 0.420222 0.100000 0.100000
724.000000 0.990616 0.100000 0.100000
725.000000 0.650242 0.100000 0.100000
726.000000 -0.287961 0.100000 0.100000
727.000000 -0.961414 0.100000 0.100000
728.000000 -0.750947 0.100000 0.100000
729.000000 0.149937 0.100000 0.100000
730.000000 0.912970 0.100000 0.100000
731.000000 0.836623 0.100000 0.100000
732.000000 -0.008912 0.100000 0.100000
733.000000 -0.846253 0.100000 0.100000
734.000000 -0.905553 0.100000 0.100000
735.000000 -0.132292 0.100000 0.100000
736.000000 0.762597 0.100000 0.100000
737.000000 0.956358 0.100000 0.100000
738.000000 0.270848 0.100000 0.100000
739.000000 -0.663679 0.100000 0.100000
740.000000 -0.988022 0.100000 0.100000
741.000000 -0.403982 0.100000 0.100000
742.000000 0.551477 0.100000 0.100000
743.000000 0.999911 0.100000 0.100000
744.000000 0.529032 0.100000 0.100000
745.000000 -0.428237 0.100000 0.100000
746.000000 -0.991787 0.100000 0.100000
747.000000 -0.643492 0.100000 0.100000
748.000000 0.296426 0.100000 0.100000
749.000000 0.963811 0.100000 0.100000
750.000000 0.745073 0.100000 0.100000
751.000000 -0.158682 0.100000 0.100000
752.000000 -0.916546 0.100000 0.100000
753.000000 -0.831741 0.100000 0.100000
754.000000 0.017762 0.100000 0.100000
755.000000 0.850935 0.100000 0.100000
756.000000 0.901762 0.100000 0.100000
757.000000 0.123513 0.100000 0.100000
758.000000 -0.768293 0.100000 0.100000
759.000000 -0.953735 0.100000 0.100000
760.000000 -0.262317 0.100000 0.100000
761.000000 0.670274 0.100000 0.100000
762.000000 0.986618 0.100000 0.100000
763.000000 0.395870 0.100000 0.100000
764.000000 -0.558839 0.100000 0.100000
765.000000 -0.999754 0.100000 0.100000
766.000000 -0.521500 0.100000 0.100000
767.000000 0.436219 0.100000 0.100000
768.000000 0.992880 0.100000 0.100000
769.000000 0.636692 0.100000 0.100000
770.000000 -0.304868 0.100000 0.100000
771.000000 -0.966133 0.100000 0.100000
772.000000 -0.739140 0.100000 0.100000
773.000000 0.167415 0.100000 0.100000
774.000000 0.920050 0.100000 0.100000
775.000000 0.826795 0.100000 0.100000
776.000000 -0.026611 0.100000 0.100000
777.000000 -0.855551 0.100000 0.100000
778.000000 -0.897901 0.100000 0.100000
779.000000 -0.114725 0.100000 0.100000
780.000000 0.773929 0.100000 0.100000
781.000000 0.951036 0.100000 0.100000
782.000000 0.253765 0.100000 0.100000
783.000000 -0.676816 0.100000 0.100000
784.000000 -0.985136 0.100000 0.100000
785.000000 -0.387726 0.100000 0.100000
786.000000 0.566157 0.100000 0.100000
787.000000 0.999518 0.100000 0.100000
788.000000 0.513927 0.100000 0.100000
789.000000 -0.444167 0.100000 0.100000
790.000000 -0.993895 0.100000 0.100000
791.000000 -0.629841 0.100000 0.100000
792.000000 0.313286 0.100000 0.100000
793.000000 0.968380 0.100000 0.100000
794.000000 0.733149 0.100000 0.100000
795.000000 -0.176135 0.100000 0.100000
796.000000 -0.923482 0.100000 0.100000
797.000000 -0.821783 0.100000 0.100000
798.000000 0.035459 0.100000 0.100000
799.000000 0.860100 0.100000 0.100000
800.000000 0.893970 0.100000 0.100000
801.000000 0.105928 0.100000 0.100000
802.000000 -0.779504 0.100000 0.100000
803.000000 -0.948263 0.100000 0.100000
804.000000 -0.245194 0.100000 0.100000
805.000000 0.683306 0.100000 0.100000
806.000000 0.983577 0.100000 0.100000
807.000000 0.379552 0.100000 0.100000
808.000000 -0.573431 0.100000 0.100000
809.000000 -0.999204 0.100000 0.100000
810.000000 -0.506314 0.100000 0.100000
811.000000 0.452080 0.100000 0.100000
812.000000 0.994833 0.100000 0.100000
813.000000 0.622941 0.100000 0.100000
814.000000 -0.321679 0.100000 0.100000
815.000000 -0.970550 0.100000 0.100000
816.000000 -0.727101 0.100000 0.100000
817.000000 0.184841 0.100000 0.100000
818.000000 0.926841 0.100000 0.100000
819.000000 0.816708 0.100000 0.100000
820.000000 -0.044303 0.100000 0.100000
821.000000 -0.864582 0.100000 0.100000
822.000000 -0.889968 0.100000 0.100000
823.000000 -0.097122 0.100000 0.100000
824.000000 0.785018 0.100000 0.100000
825.000000 0.945416 0.100000 0.100000
826.000000 0.236603 0.100000 0.100000
827.000000 -0.689742 0.100000 0.100000
828.000000 -0.981941 0.100000 0.100000
829.000000 -0.371348 0.100000 0.100000
830.000000 0.580660 0.100000 0.100000
831.000000 0.998812 0.100000 0.100000
832.000000 0.498661 0.100000 0.100000
833.000000 -0.459957 0.100000 0.100000
834.000000 -0.995693 0.100000 0.100000
835.000000 -0.615993 0.100000 0.100000
836.000000 0.330048 0.100000 0.100000
837.000000 0.972644 0.100000 0.100000
838.000000 0.720996 0.100000 0.100000
839.000000 -0.193533 0.100000 0.100000
840.000000 -0.930128 0.100000 0.100000
841.000000 -0.811568 0.100000 0.100000
842.000000 0.053144 0.100000 0.100000
843.000000 0.868996 0.100000 0.100000
844.000000 0.885897 0.100000 0.100000
845.000000 0.088309 0.100000 0.100000
846.000000 -0.790470 0.100000 0.100000
847.000000 -0.942494 0.100000 0.100000
848.000000 -0.227994 0.100000 0.100000
849.000000 0.696123 0.100000 0.100000
850.000000 0.980228 0.100000 0.100000
851.000000 0.363115 0.100000 0.100000
852.000000 -0.587844 0.100000 0.100000
853.000000 -0.998342 0.100000 0.100000
854.000000 -0.490969 0.100000 0.100000
855.000000 0.467798 0.100000 0.100000
856.000000 0.996474 0.100000 0.100000
857.000000 0.608996 0.100000 0.100000
858.000000 -0.338390 0.100000 0.100000
859.000000 -0.974662 0.100000 0.100000
860.000000 -0.714834 0.100000 0.100000
861.000000 0.202209 0.100000 0.100000
862.000000 0.933342 0.100000 0.100000
863.000000 0.806365 0.100000 0.100000
864.000000 -0.061981 0.100000 0.100000
865.000000 -0.873341 0.100000 0.100000
866.000000 -0.881756 0.100000 0.100000
867.000000 -0.079488 0.100000 0.100000
868.000000 0.795861 0.100000 0.100000
869.000000 0.939499 0.100000 0.100000
870.000000 0.219366 0.100000 0.100000
871.000000 -0.702451 0.100000 0.100000
872.000000 -0.978438 0.100000 0.100000
873.000000 -0.354854 0.100000 0.100000
874.000000 0.594981 0.100000 0.100000
875.000000 0.997793 0.100000 0.100000
876.000000 0.483239 0.100000 0.100000
877.000000 -0.475603 0.100000 0.100000
878.000000 -0.997178 0.100000 0.100000
879.000000 -0.601952 0.100000 0.100000
880.000000 0.346706 0.100000 0.100000
881.000000 0.976604 0.100000 0.100000
882.000000 0.708617 0.100000 0.100000
883.000000 -0.210869 0.100000 0.100000
884.000000 -0.936483 0.100000 0.100000
885.000000 -0.801099 0.100000 0.100000
886.000000 0.070812 0.100000 0.100000
887.000000 0.877619 0.100000 0.100000
888.000000 0.877546 0.100000 0.100000
889.000000 0.070662 0.100000 0.100000
890.000000 -0.801189 0.100000 0.100000
891.000000 -0.936430 0.100000 0.100000
892.000000 -0.210722 0.100000 0.100000
893.000000 0.708723 0.100000 0.100000
894.000000 0.976571 0.100000 0.100000
895.000000 0.346565 0.100000 0.100000
896.000000 -0.602072 0.100000 0.100000
897.000000 -0.997166 0.100000 0.100000
898.000000 -0.475471 0.100000 0.100000
899.000000 0.483371 0.100000 0.100000
900.000000 0.997803 0.100000 0.100000
901.000000 0.594860 0.100000 0.100000
902.000000 -0.354995 0.100000 0.100000
903.000000 -0.978469 0.100000 0.100000
904.000000 -0.702343 0.100000 0.100000
905.000000 0.219513 0.100000 0.100000
906.000000 0.939551 0.100000 0.100000
907.000000 0.795769 0.100000 0.100000
908.000000 -0.079639 0.100000 0.100000
909.000000 -0.881827 0.100000 0.100000
910.000000 -0.873268 0.100000 0.100000
911.000000 -0.061830 0.100000 0.100000
912.000000 0.806454 0.100000 0.100000
913.000000 0.933288 0.100000 0.100000
914.000000 0.202061 0.100000 0.100000
915.000000 -0.714940 0.100000 0.100000
916.000000 -0.974628 0.100000 0.100000
917.000000 -0.338248 0.100000 0.100000
918.000000 0.609116 0.100000 0.100000
919.000000 0.996462 0.100000 0.100000
920.000000 0.467665 0.100000 0.100000
921.000000 -0.491100 0.100000 0.100000
922.000000 -0.998351 0.100000 0.100000
923.000000 -0.587722 0.100000 0.100000
924.000000 0.363256 0.100000 0.100000
925.000000 0.980258 0.100000 0.100000
926.000000 0.696015 0.100000 0.100000
927.000000 -0.228140 0.100000 0.100000
928.000000 -0.942545 0.100000 0.100000
929.000000 -0.790378 0.100000 0.100000
930.000000 0.088459 0.100000 0.100000
931.000000 0.885967 0.100000 0.100000
932.000000 0.868921 0.100000 0.100000
933.000000 0.052993 0.100000 0.100000
934.000000 -0.811656 0.100000 0.100000
935.000000 -0.930073 0.100000 0.100000
936.000000 -0.193385 0.100000 0.100000
937.000000 0.721100 0.100000 0.100000
938.000000 0.972609 0.100000 0.100000
939.000000 0.329905 0.100000 0.100000
940.000000 -0.616112 0.100000 0.100000
941.000000 -0.995679 0.100000 0.100000
942.000000 -0.459823 0.100000 0.100000
943.000000 0.498792 0.100000 0.100000
944.000000 0.998820 0.100000 0.100000
945.000000 0.580538 0.100000 0.100000
946.000000 -0.371488 0.100000 0.100000
947.000000 -0.981969 0.100000 0.100000
948.000000 -0.689632 0.100000 0.100000
949.000000 0.236749 0.100000 0.100000
950.000000 0.945465 0.100000 0.100000
951.000000 0.784924 0.100000 0.100000
952.000000 -0.097272 0.100000 0.100000
953.000000 -0.890037 0.100000 0.100000
954.000000 -0.864506 0.100000 0.100000
955.000000 -0.044152 0.100000 0.100000
956.000000 0.816795 0.100000 0.100000
957.000000 0.926785 0.100000 0.100000
958.000000 0.184693 0.100000 0.100000
959.000000 -0.727205 0.100000 0.100000
960.000000 -0.970513 0.100000 0.100000
961.000000 -0.321537 0.100000 0.100000
962.000000 0.623059 0.100000 0.100000
963.000000 0.994818 0.100000 0.100000
964.000000 0.451945 0.100000 0.100000
965.000000 -0.506444 0.100000 0.100000
966.000000 -0.999210 0.100000 0.100000
967.000000 -0.573308 0.100000 0.100000
968.000000 0.379691 0.100000 0.100000
969.000000 0.983604 0.100000 0.100000
970.000000 0.683196 0.100000 0.100000
971.000000 -0.245340 0.100000 0.100000
972.000000 -0.948311 0.100000 0.100000
973.000000 -0.779409 0.100000 0.100000
974.000000 0.106077 0.100000 0.100000
975.000000 0.894037 0.100000 0.100000
976.000000 0.860023 0.100000 0.100000
977.000000 0.035308 0.100000 0.100000
978.000000 -0.821869 0.100000 0.100000
979.000000 -0.923424 0.100000 0.100000
980.000000 -0.175987 0.100000 0.100000
981.000000 0.733252 0.100000 0.100000
982.000000 0.968342 0.100000 0.100000
983.000000 0.313143 0.100000 0.100000
984.000000 -0.629958 0.100000 0.100000
985.000000 -0.993879 0.100000 0.100000
986.000000 -0.444032 0.100000 0.100000
987.000000 0.514056 0.100000 0.100000
988.000000 0.999523 0.100000 0.100000
989.000000 0.566033 0.100000 0.100000
990.000000 -0.387865 0.100000 0.100000
991.000000 -0.985162 0.100000 0.100000
992.000000 -0.676705 0.100000 0.100000
993.000000 0.253911 0.100000 0.100000
994.000000 0.951083 0.100000 0.100000
995.000000 0.773833 0.100000 0.100000
996.000000 -0.114875 0.100000 0.100000
997.000000 -0.897967 0.100000 0.100000
998.000000 -0.855473 0.100000 0.100000
999.000000 -0.026461 0.100000 0.100000
